[gd_scene load_steps=34 format=3 uid="uid://dnsm78dkc4fva"]

[ext_resource type="Script" path="res://Script/character_body_3d_2.gd" id="1_52jwf"]
[ext_resource type="PackedScene" uid="uid://clmqop7ljb4dw" path="res://body.blend" id="2_oecag"]
[ext_resource type="Script" path="res://Script/body_part.gd" id="3_nkvxh"]

[sub_resource type="CylinderShape3D" id="CylinderShape3D_jxh4v"]
height = 0.5
radius = 0.2

[sub_resource type="CylinderMesh" id="CylinderMesh_i4ybv"]
top_radius = 0.2
bottom_radius = 0.2
height = 0.5

[sub_resource type="CapsuleShape3D" id="CapsuleShape3D_0ovha"]
radius = 0.1
height = 0.4

[sub_resource type="CapsuleMesh" id="CapsuleMesh_kwxwv"]
radius = 0.1
height = 0.4

[sub_resource type="CapsuleShape3D" id="CapsuleShape3D_33mva"]
radius = 0.1
height = 0.5

[sub_resource type="CapsuleMesh" id="CapsuleMesh_q61sf"]
radius = 0.1
height = 0.5

[sub_resource type="CapsuleShape3D" id="CapsuleShape3D_ei4lo"]
radius = 0.1
height = 0.4

[sub_resource type="CapsuleMesh" id="CapsuleMesh_5kqtm"]
radius = 0.1
height = 0.4

[sub_resource type="CapsuleShape3D" id="CapsuleShape3D_qbi6b"]
radius = 0.1
height = 0.5

[sub_resource type="CapsuleMesh" id="CapsuleMesh_6mw3m"]
radius = 0.1
height = 0.5

[sub_resource type="CapsuleShape3D" id="CapsuleShape3D_3qjqm"]
radius = 0.1
height = 0.5

[sub_resource type="CapsuleMesh" id="CapsuleMesh_rc5oq"]
radius = 0.1
height = 0.5

[sub_resource type="CapsuleShape3D" id="CapsuleShape3D_obrkq"]
radius = 0.1
height = 0.4

[sub_resource type="CapsuleMesh" id="CapsuleMesh_lw5qx"]
radius = 0.1
height = 0.5

[sub_resource type="CapsuleShape3D" id="CapsuleShape3D_vkjuc"]
radius = 0.1
height = 0.5

[sub_resource type="CapsuleMesh" id="CapsuleMesh_3i8m0"]
radius = 0.1
height = 0.5

[sub_resource type="CapsuleShape3D" id="CapsuleShape3D_wpokr"]
radius = 0.1
height = 0.4

[sub_resource type="CapsuleMesh" id="CapsuleMesh_jdrny"]
radius = 0.1
height = 0.4

[sub_resource type="CapsuleShape3D" id="CapsuleShape3D_kloqq"]
margin = 1.0
radius = 0.1
height = 0.3

[sub_resource type="CapsuleMesh" id="CapsuleMesh_e18gs"]
radius = 0.1
height = 0.3

[sub_resource type="CapsuleShape3D" id="CapsuleShape3D_jgp0m"]
radius = 0.1
height = 0.3

[sub_resource type="CapsuleMesh" id="CapsuleMesh_rmem0"]
radius = 0.1
height = 0.3

[sub_resource type="SphereShape3D" id="SphereShape3D_upb5a"]
radius = 0.2

[sub_resource type="SphereMesh" id="SphereMesh_tlifb"]
radius = 0.2
height = 0.4

[sub_resource type="ParticleProcessMaterial" id="ParticleProcessMaterial_2xx1u"]
direction = Vector3(0, 0, 1)
initial_velocity_min = 1.0
initial_velocity_max = 5.0

[sub_resource type="StandardMaterial3D" id="StandardMaterial3D_l6bmf"]
albedo_color = Color(0.541176, 0.0117647, 0.0117647, 1)

[sub_resource type="SphereMesh" id="SphereMesh_25q4d"]
material = SubResource("StandardMaterial3D_l6bmf")
radius = 0.02
height = 0.1

[sub_resource type="CapsuleShape3D" id="CapsuleShape3D_lv6q4"]
radius = 0.3

[sub_resource type="CapsuleShape3D" id="CapsuleShape3D_cuk3r"]

[sub_resource type="SphereShape3D" id="SphereShape3D_d2k1f"]
radius = 1.5

[node name="CharacterBody3D2" type="CharacterBody3D"]
transform = Transform3D(1.5, 0, 0, 0, 1.5, 0, 0, 0, 1.5, 0, 0, 0)
collision_layer = 2
collision_mask = 3
motion_mode = 1
wall_min_slide_angle = 0.846485
platform_on_leave = 2
safe_margin = 2.481
script = ExtResource("1_52jwf")
health = 20

[node name="NavigationAgent3D" type="NavigationAgent3D" parent="."]
debug_enabled = true

[node name="Timer" type="Timer" parent="."]
wait_time = 0.5
autostart = true

[node name="face_dir" type="Node3D" parent="."]

[node name="body" parent="face_dir" instance=ExtResource("2_oecag")]

[node name="root" parent="face_dir/body" index="0"]
transform = Transform3D(1, 0, 0, 0, 0.826865, -0.562401, 0, 0.562401, 0.826865, 0, 0, 0)

[node name="Skeleton3D" parent="face_dir/body/root" index="0"]
transform = Transform3D(1, 0, 0, 0, 0.763086, 0.646297, 0, -0.646297, 0.763086, 0, 0, 0)
bones/0/position = Vector3(-0.0233534, 0.869271, 0.124403)
bones/0/rotation = Quaternion(-0.115041, 0.335642, -0.054118, 0.933371)
bones/1/position = Vector3(0.101935, -0.026015, 0.00481078)
bones/1/rotation = Quaternion(0.746224, 0.1863, 0.635337, -0.0692024)
bones/1/scale = Vector3(0.999996, 0.999982, 0.999996)
bones/2/rotation = Quaternion(3.09114e-06, -1.53755e-06, 0.458159, 0.88887)
bones/2/scale = Vector3(1.00001, 0.999987, 1)
bones/3/rotation = Quaternion(0.414205, 0.591047, -0.49622, 0.482559)
bones/3/scale = Vector3(0.999952, 0.999997, 1.00002)
bones/4/position = Vector3(-1.72062e-06, 0.127669, 2.52481e-06)
bones/4/rotation = Quaternion(0.0448522, 0.946666, 0.319079, -0.000760252)
bones/4/scale = Vector3(0.999998, 1.00001, 0.999989)
bones/5/position = Vector3(-0.1019, -0.0260436, 0.00487674)
bones/5/rotation = Quaternion(-0.833221, 0.102897, 0.539435, -0.064531)
bones/5/scale = Vector3(0.999996, 0.999985, 1)
bones/6/rotation = Quaternion(3.15906e-06, -6.86515e-07, -0.389671, 0.920954)
bones/6/scale = Vector3(1.00001, 0.999992, 1)
bones/7/rotation = Quaternion(0.331593, -0.66986, 0.413689, 0.519803)
bones/7/scale = Vector3(0.999956, 0.999998, 1.00002)
bones/8/position = Vector3(-1.8241e-06, 0.127669, -8.06877e-07)
bones/8/rotation = Quaternion(-0.0447684, 0.946702, 0.318984, 0.000938719)
bones/8/scale = Vector3(1.00001, 1.00001, 0.999991)
bones/9/rotation = Quaternion(0.134382, -0.334456, 0.0414302, 0.931861)
bones/9/scale = Vector3(1, 1, 1)
bones/10/rotation = Quaternion(-0.0682148, 0.00325528, 0.000851771, 0.997665)
bones/11/rotation = Quaternion(0.313699, 0.00638638, 0.00211004, 0.949499)
bones/12/rotation = Quaternion(-0.188772, -0.00902385, -0.00107356, 0.981979)
bones/12/scale = Vector3(1, 1, 1)
bones/13/rotation = Quaternion(-0.533876, 0.544082, -0.438423, -0.476168)
bones/14/rotation = Quaternion(0.616296, 0.76009, 0.173091, 0.111719)
bones/15/rotation = Quaternion(0.507593, -0.00311829, 0.307537, 0.804836)
bones/15/scale = Vector3(1, 0.999669, 1)
bones/16/rotation = Quaternion(0.0577097, 0.282955, -0.00702891, 0.95737)
bones/16/scale = Vector3(0.999999, 1.00033, 1)
bones/17/position = Vector3(-0.0491329, 0.0501256, -0.00465568)
bones/17/rotation = Quaternion(0.0464502, -0.786957, 0.317026, 0.52729)
bones/17/scale = Vector3(1.00002, 0.999977, 1)
bones/18/position = Vector3(-4.76469e-07, 0.0210912, -8.60766e-08)
bones/18/rotation = Quaternion(-0.0241285, -0.306555, 0.0624602, 0.949495)
bones/18/scale = Vector3(0.999986, 0.999993, 1.00002)
bones/19/rotation = Quaternion(-0.00929102, 0.438617, 0.00882176, 0.898583)
bones/19/scale = Vector3(1.00002, 1, 0.999986)
bones/20/position = Vector3(0.0245923, 0.0860819, -0.00149414)
bones/20/rotation = Quaternion(-0.713067, 0.123498, -0.028769, 0.689534)
bones/20/scale = Vector3(1, 1, 0.999992)
bones/21/rotation = Quaternion(-0.585567, -0.0207928, 0.00953909, 0.810301)
bones/21/scale = Vector3(1, 1.00002, 0.999977)
bones/22/rotation = Quaternion(-0.587471, -0.00382143, -0.00984193, 0.809177)
bones/22/scale = Vector3(1, 0.999981, 1.00002)
bones/23/position = Vector3(-0.00257236, 0.0869052, 0.000356946)
bones/23/rotation = Quaternion(-0.450203, 0.161358, -0.0363341, 0.877474)
bones/23/scale = Vector3(1.00001, 0.999964, 1.00003)
bones/24/rotation = Quaternion(-0.645682, -0.00762833, -0.0194877, 0.763319)
bones/24/scale = Vector3(0.999998, 1.00001, 0.999995)
bones/25/rotation = Quaternion(-0.639771, -0.0177446, -0.0200686, 0.768099)
bones/26/position = Vector3(-0.0322123, 0.0834623, -0.00191548)
bones/26/rotation = Quaternion(-0.425623, 0.14441, -0.0385334, 0.892472)
bones/26/scale = Vector3(1.00001, 0.999963, 1.00003)
bones/27/rotation = Quaternion(-0.583495, 0.00195899, -0.053736, 0.810335)
bones/28/rotation = Quaternion(-0.599287, 0.00781071, -0.0296447, 0.799947)
bones/28/scale = Vector3(0.999998, 1.00001, 0.999994)
bones/29/rotation = Quaternion(0.46739, 0.609866, -0.507783, 0.389573)
bones/30/rotation = Quaternion(-0.674924, 0.532514, 0.0507143, -0.508267)
bones/31/rotation = Quaternion(0.74528, -0.173057, -0.253621, 0.591849)
bones/31/scale = Vector3(1, 0.999766, 1)
bones/32/rotation = Quaternion(0.0449686, -0.57225, -0.00815956, 0.818805)
bones/32/scale = Vector3(1, 1.00023, 0.999999)
bones/33/rotation = Quaternion(0.0466929, 0.787047, -0.316947, 0.527182)
bones/33/scale = Vector3(1.00001, 0.999999, 0.99999)
bones/34/rotation = Quaternion(-0.0241508, 0.306837, -0.0624012, 0.949407)
bones/35/rotation = Quaternion(-0.00929862, -0.438519, -0.00842072, 0.898634)
bones/35/scale = Vector3(1.00001, 0.999998, 0.999988)
bones/36/position = Vector3(-0.0246028, 0.0860429, -0.0015044)
bones/36/rotation = Quaternion(-0.713033, -0.123517, 0.0293244, 0.689542)
bones/36/scale = Vector3(1.00001, 1, 0.999991)
bones/37/rotation = Quaternion(-0.585569, 0.0208599, -0.0092814, 0.810301)
bones/38/rotation = Quaternion(-0.58747, 0.00384816, 0.0101535, 0.809173)
bones/39/position = Vector3(0.00256232, 0.0868699, 0.000348963)
bones/39/rotation = Quaternion(-0.45011, -0.161218, 0.0368354, 0.877527)
bones/39/scale = Vector3(1.00001, 0.999987, 1.00001)
bones/40/rotation = Quaternion(-0.64569, 0.00766285, 0.0197725, 0.763306)
bones/41/rotation = Quaternion(-0.639767, 0.0177638, 0.0203477, 0.768095)
bones/42/position = Vector3(0.0322067, 0.0834305, -0.00192048)
bones/42/rotation = Quaternion(-0.425487, -0.144257, 0.039014, 0.892541)
bones/42/scale = Vector3(1.00001, 0.999987, 1.00001)
bones/43/rotation = Quaternion(-0.583495, -0.00191676, 0.0540293, 0.810315)
bones/44/rotation = Quaternion(-0.599271, -0.00776803, 0.0298962, 0.79995)

[node name="body_001" parent="face_dir/body/root/Skeleton3D" index="0"]
transform = Transform3D(1, 0, 0, 0, 0.999992, 0.00397933, 0, -0.00397933, 0.999992, 0, 0, 0)
layers = 4

[node name="spine" type="BoneAttachment3D" parent="face_dir/body/root/Skeleton3D" index="1"]
transform = Transform3D(0.999369, 0.0348192, 0.00708521, -0.0353812, 0.99352, 0.108011, -0.0032784, -0.108194, 0.994125, -0.0136918, 1.17069, 0.0993824)
visible = false
bone_name = "spine_02"
bone_idx = 10

[node name="Area3D" type="Area3D" parent="face_dir/body/root/Skeleton3D/spine" groups=["enemy"]]
collision_layer = 2
collision_mask = 2
script = ExtResource("3_nkvxh")

[node name="CollisionShape3D" type="CollisionShape3D" parent="face_dir/body/root/Skeleton3D/spine/Area3D"]
transform = Transform3D(0.997875, -0.0649661, -0.00490454, 0.0623661, 0.974284, -0.21652, 0.0188448, 0.215754, 0.976266, 0.000873122, -0.0396738, -0.00903067)
shape = SubResource("CylinderShape3D_jxh4v")

[node name="MeshInstance3D" type="MeshInstance3D" parent="face_dir/body/root/Skeleton3D/spine/Area3D/CollisionShape3D"]
visible = false
mesh = SubResource("CylinderMesh_i4ybv")

[node name="upper_right" type="BoneAttachment3D" parent="face_dir/body/root/Skeleton3D" index="2"]
transform = Transform3D(-0.871157, 0.22848, -0.434605, -0.425846, -0.792197, 0.437125, -0.244418, 0.56588, 0.787426, 0.167061, 1.34953, 0.0692974)
visible = false
bone_name = "upperarm.l"
bone_idx = 30

[node name="Area3D" type="Area3D" parent="face_dir/body/root/Skeleton3D/upper_right" groups=["enemy"]]
collision_layer = 2
collision_mask = 2
script = ExtResource("3_nkvxh")

[node name="CollisionShape3D" type="CollisionShape3D" parent="face_dir/body/root/Skeleton3D/upper_right/Area3D"]
transform = Transform3D(1, -1.53668e-08, 1.49012e-08, 6.14673e-08, 1, -1.49012e-08, 0, 0, 1, 0.0111535, 0.13469, -0.0199734)
shape = SubResource("CapsuleShape3D_0ovha")

[node name="MeshInstance3D" type="MeshInstance3D" parent="face_dir/body/root/Skeleton3D/upper_right/Area3D/CollisionShape3D"]
visible = false
mesh = SubResource("CapsuleMesh_kwxwv")

[node name="lower_right" type="BoneAttachment3D" parent="face_dir/body/root/Skeleton3D" index="3"]
transform = Transform3D(-0.759165, -0.512976, 0.400501, 0.0209142, 0.595619, 0.802891, -0.650562, 0.617758, -0.441548, 0.226919, 1.14199, 0.217548)
visible = false
bone_name = "lowerarm.l"
bone_idx = 31

[node name="Area3D" type="Area3D" parent="face_dir/body/root/Skeleton3D/lower_right" groups=["enemy"]]
collision_layer = 2
collision_mask = 2
script = ExtResource("3_nkvxh")

[node name="CollisionShape3D" type="CollisionShape3D" parent="face_dir/body/root/Skeleton3D/lower_right/Area3D"]
transform = Transform3D(0.737326, 0.0593897, -0.672921, -0.171519, 0.979943, -0.101449, 0.6534, 0.190221, 0.732724, 0.00237764, 0.134811, 0.0196564)
shape = SubResource("CapsuleShape3D_33mva")

[node name="MeshInstance3D" type="MeshInstance3D" parent="face_dir/body/root/Skeleton3D/lower_right/Area3D/CollisionShape3D"]
transform = Transform3D(1, 0, 0, 2.98023e-08, 1, 7.45058e-09, 0, -1.11759e-08, 1, 0.0388297, 0.0627681, 0.0150131)
visible = false
mesh = SubResource("CapsuleMesh_q61sf")

[node name="upper_left" type="BoneAttachment3D" parent="face_dir/body/root/Skeleton3D" index="4"]
transform = Transform3D(-0.980748, -0.191696, -0.0372244, 0.0508008, -0.434522, 0.899228, -0.188553, 0.880025, 0.435895, -0.185704, 1.36597, 0.109068)
visible = false
bone_name = "upperarm.r"
bone_idx = 14

[node name="Area3D" type="Area3D" parent="face_dir/body/root/Skeleton3D/upper_left" groups=["enemy"]]
collision_layer = 2
collision_mask = 2
script = ExtResource("3_nkvxh")

[node name="CollisionShape3D" type="CollisionShape3D" parent="face_dir/body/root/Skeleton3D/upper_left/Area3D"]
transform = Transform3D(1, 2.32831e-08, 0, 9.77889e-09, 1, 0, 7.45058e-09, -7.45058e-09, 1, 0.00863135, 0.145219, 0.0225029)
shape = SubResource("CapsuleShape3D_ei4lo")

[node name="MeshInstance3D" type="MeshInstance3D" parent="face_dir/body/root/Skeleton3D/upper_left/Area3D/CollisionShape3D"]
visible = false
mesh = SubResource("CapsuleMesh_5kqtm")

[node name="lower_left" type="BoneAttachment3D" parent="face_dir/body/root/Skeleton3D" index="5"]
transform = Transform3D(-0.90131, 0.401478, -0.162322, 0.112722, 0.579077, 0.807305, 0.41825, 0.709101, -0.567371, -0.235925, 1.25213, 0.339619)
visible = false
bone_name = "lowerarm.r"
bone_idx = 15

[node name="Area3D" type="Area3D" parent="face_dir/body/root/Skeleton3D/lower_left" groups=["enemy"]]
collision_layer = 2
collision_mask = 2
script = ExtResource("3_nkvxh")

[node name="CollisionShape3D" type="CollisionShape3D" parent="face_dir/body/root/Skeleton3D/lower_left/Area3D"]
transform = Transform3D(1, -3.72529e-08, -4.47035e-08, -5.21541e-08, 1, 0, -2.98023e-08, 0, 1, 0.00264313, 0.153611, 0.000866771)
shape = SubResource("CapsuleShape3D_qbi6b")

[node name="MeshInstance3D" type="MeshInstance3D" parent="face_dir/body/root/Skeleton3D/lower_left/Area3D/CollisionShape3D"]
visible = false
mesh = SubResource("CapsuleMesh_6mw3m")

[node name="left_thigh" type="BoneAttachment3D" parent="face_dir/body/root/Skeleton3D" index="6"]
transform = Transform3D(-0.266573, 0.038251, -0.963055, -0.462056, -0.881961, 0.0928669, -0.845834, 0.469736, 0.252786, -0.0992009, 0.863103, 0.197168)
visible = false
bone_name = "thigh.r"
bone_idx = 5

[node name="Area3D" type="Area3D" parent="face_dir/body/root/Skeleton3D/left_thigh" groups=["enemy"]]
collision_layer = 2
collision_mask = 2
script = ExtResource("3_nkvxh")

[node name="CollisionShape3D" type="CollisionShape3D" parent="face_dir/body/root/Skeleton3D/left_thigh/Area3D"]
transform = Transform3D(1, 2.98023e-08, 1.19209e-07, 1.11759e-08, 1, 3.72529e-09, -5.96046e-08, -3.72529e-09, 1, -0.000658154, 0.201049, -0.00782016)
shape = SubResource("CapsuleShape3D_3qjqm")

[node name="MeshInstance3D" type="MeshInstance3D" parent="face_dir/body/root/Skeleton3D/left_thigh/Area3D/CollisionShape3D"]
visible = false
mesh = SubResource("CapsuleMesh_rc5oq")

[node name="left_leg" type="BoneAttachment3D" parent="face_dir/body/root/Skeleton3D" index="7"]
transform = Transform3D(-0.213074, -0.1647, -0.963054, 0.311284, -0.945748, 0.0928733, -0.926122, -0.28, 0.252787, -0.0843076, 0.519707, 0.380062)
visible = false
bone_name = "calf.r"
bone_idx = 6

[node name="Area3D" type="Area3D" parent="face_dir/body/root/Skeleton3D/left_leg" groups=["enemy"]]
collision_layer = 2
collision_mask = 2
script = ExtResource("3_nkvxh")

[node name="CollisionShape3D" type="CollisionShape3D" parent="face_dir/body/root/Skeleton3D/left_leg/Area3D"]
transform = Transform3D(1, 2.6077e-08, 8.9407e-08, 5.58794e-09, 1, 7.45058e-09, -5.96046e-08, 1.11759e-08, 1, 0.00746839, 0.23925, -0.00251772)
shape = SubResource("CapsuleShape3D_obrkq")

[node name="MeshInstance3D" type="MeshInstance3D" parent="face_dir/body/root/Skeleton3D/left_leg/Area3D/CollisionShape3D"]
visible = false
mesh = SubResource("CapsuleMesh_lw5qx")

[node name="right_thigh" type="BoneAttachment3D" parent="face_dir/body/root/Skeleton3D" index="8"]
transform = Transform3D(0.721691, 0.344722, 0.600264, 0.335771, -0.932643, 0.131922, 0.605319, 0.106343, -0.788842, 0.0574724, 0.826785, 0.0719355)
visible = false
bone_name = "thigh.l"
bone_idx = 1

[node name="Area3D" type="Area3D" parent="face_dir/body/root/Skeleton3D/right_thigh" groups=["enemy"]]
collision_layer = 2
collision_mask = 2
script = ExtResource("3_nkvxh")

[node name="CollisionShape3D" type="CollisionShape3D" parent="face_dir/body/root/Skeleton3D/right_thigh/Area3D"]
transform = Transform3D(1, 0, 0, 3.72529e-09, 1, 1.02445e-08, -2.98023e-08, 0, 1, 0.0189605, 0.209792, -0.0119822)
shape = SubResource("CapsuleShape3D_vkjuc")

[node name="MeshInstance3D" type="MeshInstance3D" parent="face_dir/body/root/Skeleton3D/right_thigh/Area3D/CollisionShape3D"]
visible = false
mesh = SubResource("CapsuleMesh_3i8m0")

[node name="right_leg" type="BoneAttachment3D" parent="face_dir/body/root/Skeleton3D" index="9"]
transform = Transform3D(0.699493, -0.3878, 0.600262, -0.564823, -0.814571, 0.131929, 0.43781, -0.431325, -0.788842, 0.191692, 0.463657, 0.113341)
visible = false
bone_name = "calf.l"
bone_idx = 2

[node name="Area3D" type="Area3D" parent="face_dir/body/root/Skeleton3D/right_leg" groups=["enemy"]]
collision_layer = 2
collision_mask = 2
script = ExtResource("3_nkvxh")

[node name="CollisionShape3D" type="CollisionShape3D" parent="face_dir/body/root/Skeleton3D/right_leg/Area3D"]
transform = Transform3D(1, 7.45058e-09, -2.98023e-08, 0, 1, 1.30385e-08, -1.49012e-07, -2.6077e-08, 1, 0.00405265, 0.231768, -0.00667393)
shape = SubResource("CapsuleShape3D_wpokr")

[node name="MeshInstance3D" type="MeshInstance3D" parent="face_dir/body/root/Skeleton3D/right_leg/Area3D/CollisionShape3D"]
visible = false
mesh = SubResource("CapsuleMesh_jdrny")

[node name="right_feet" type="BoneAttachment3D" parent="face_dir/body/root/Skeleton3D" index="10"]
transform = Transform3D(-0.726984, 0.50159, 0.468886, -0.0302567, -0.705614, 0.707931, 0.685912, 0.500498, 0.528187, 0.0257356, 0.115067, -0.0712411)
visible = false
bone_name = "foot.l"
bone_idx = 3

[node name="Area3D" type="Area3D" parent="face_dir/body/root/Skeleton3D/right_feet" groups=["enemy"]]
collision_layer = 2
collision_mask = 2
script = ExtResource("3_nkvxh")

[node name="CollisionShape3D" type="CollisionShape3D" parent="face_dir/body/root/Skeleton3D/right_feet/Area3D"]
transform = Transform3D(-0.931041, -0.158755, -0.328571, 0.336787, -0.720473, -0.606211, -0.140487, -0.675066, 0.724256, 0.043851, 0.126908, 0.0409006)
shape = SubResource("CapsuleShape3D_kloqq")

[node name="CollisionShape3D2" type="MeshInstance3D" parent="face_dir/body/root/Skeleton3D/right_feet/Area3D/CollisionShape3D"]
transform = Transform3D(1, 0, -3.72529e-08, 0, 1, -2.98023e-08, 3.72529e-09, 0, 1, 0, 0, 0)
visible = false
mesh = SubResource("CapsuleMesh_e18gs")

[node name="left_feet" type="BoneAttachment3D" parent="face_dir/body/root/Skeleton3D" index="11"]
transform = Transform3D(-0.881432, 0.315946, 0.350988, 0.028939, -0.705679, 0.707927, 0.471331, 0.634174, 0.612918, -0.15479, 0.114983, 0.260239)
visible = false
bone_name = "foot.r"
bone_idx = 7

[node name="Area3D" type="Area3D" parent="face_dir/body/root/Skeleton3D/left_feet" groups=["enemy"]]
collision_layer = 2
collision_mask = 2
script = ExtResource("3_nkvxh")

[node name="CollisionShape3D" type="CollisionShape3D" parent="face_dir/body/root/Skeleton3D/left_feet/Area3D"]
transform = Transform3D(0.899189, -0.0023534, -0.437554, -0.225299, 0.854749, -0.467594, 0.375099, 0.519037, 0.76805, -0.0255618, 0.11989, 0.0349756)
shape = SubResource("CapsuleShape3D_jgp0m")

[node name="MeshInstance3D" type="MeshInstance3D" parent="face_dir/body/root/Skeleton3D/left_feet/Area3D/CollisionShape3D"]
visible = false
mesh = SubResource("CapsuleMesh_rmem0")

[node name="head" type="BoneAttachment3D" parent="face_dir/body/root/Skeleton3D" index="12"]
transform = Transform3D(0.999328, 0.0360014, -0.00686784, -0.0366233, 0.988123, -0.149236, 0.00141357, 0.149388, 0.988778, -0.00245494, 1.48666, 0.114705)
visible = false
bone_name = "head"
bone_idx = 12

[node name="Area3D" type="Area3D" parent="face_dir/body/root/Skeleton3D/head" groups=["enemy"]]
collision_layer = 2
collision_mask = 2
script = ExtResource("3_nkvxh")
damage = 2

[node name="CollisionShape3D" type="CollisionShape3D" parent="face_dir/body/root/Skeleton3D/head/Area3D"]
transform = Transform3D(1, -1.10776e-09, -5.82077e-11, 1.83172e-09, 1, -1.49012e-08, 0, 0, 1, -0.00323766, 0.0581298, -0.00767797)
shape = SubResource("SphereShape3D_upb5a")

[node name="MeshInstance3D" type="MeshInstance3D" parent="face_dir/body/root/Skeleton3D/head/Area3D/CollisionShape3D"]
visible = false
mesh = SubResource("SphereMesh_tlifb")

[node name="Light" parent="face_dir/body" index="1"]
visible = false

[node name="GPUParticles3D" type="GPUParticles3D" parent="."]
transform = Transform3D(1, 0, 0, 0, 1, 0, 0, 0, 1, -0.2351, 1.24799, -0.778004)
emitting = false
lifetime = 1.03
one_shot = true
explosiveness = 1.0
randomness = 0.5
process_material = SubResource("ParticleProcessMaterial_2xx1u")
draw_pass_1 = SubResource("SphereMesh_25q4d")

[node name="Area3D" type="Area3D" parent="." groups=["enemy"]]
transform = Transform3D(1, 0, 0, 0, 0.994447, 0.10524, 0, -0.10524, 0.994447, -0.0137982, 0.801412, 0.0820049)
collision_layer = 2
collision_mask = 2
script = ExtResource("3_nkvxh")

[node name="CollisionShape3D" type="CollisionShape3D" parent="Area3D"]
transform = Transform3D(1, 0, 0, 0, 1, 1.49012e-08, 0, -1.49012e-08, 1, 0, 0, 0)
shape = SubResource("CapsuleShape3D_lv6q4")

[node name="kuss_engine_shape" type="CollisionShape3D" parent="."]
shape = SubResource("CapsuleShape3D_cuk3r")
disabled = true

[node name="Area3D2" type="Area3D" parent="."]
collision_layer = 256
collision_mask = 256

[node name="CollisionShape3D" type="CollisionShape3D" parent="Area3D2"]
shape = SubResource("SphereShape3D_d2k1f")

[connection signal="timeout" from="Timer" to="." method="_on_timer_timeout"]
[connection signal="body_part_hit" from="face_dir/body/root/Skeleton3D/spine/Area3D" to="." method="_on_area_3d_body_part_hit"]
[connection signal="body_part_hit" from="face_dir/body/root/Skeleton3D/upper_right/Area3D" to="." method="_on_area_3d_body_part_hit"]
[connection signal="body_part_hit" from="face_dir/body/root/Skeleton3D/lower_right/Area3D" to="." method="_on_area_3d_body_part_hit"]
[connection signal="body_part_hit" from="face_dir/body/root/Skeleton3D/upper_left/Area3D" to="." method="_on_area_3d_body_part_hit"]
[connection signal="body_part_hit" from="face_dir/body/root/Skeleton3D/lower_left/Area3D" to="." method="_on_area_3d_body_part_hit"]
[connection signal="body_part_hit" from="face_dir/body/root/Skeleton3D/left_thigh/Area3D" to="." method="_on_area_3d_body_part_hit"]
[connection signal="body_part_hit" from="face_dir/body/root/Skeleton3D/left_leg/Area3D" to="." method="_on_area_3d_body_part_hit"]
[connection signal="body_part_hit" from="face_dir/body/root/Skeleton3D/right_thigh/Area3D" to="." method="_on_area_3d_body_part_hit"]
[connection signal="body_part_hit" from="face_dir/body/root/Skeleton3D/right_leg/Area3D" to="." method="_on_area_3d_body_part_hit"]
[connection signal="body_part_hit" from="face_dir/body/root/Skeleton3D/right_feet/Area3D" to="." method="_on_area_3d_body_part_hit"]
[connection signal="body_part_hit" from="face_dir/body/root/Skeleton3D/left_feet/Area3D" to="." method="_on_area_3d_body_part_hit"]
[connection signal="body_part_hit" from="face_dir/body/root/Skeleton3D/head/Area3D" to="." method="_on_area_3d_body_part_hit"]
[connection signal="body_part_hit" from="Area3D" to="." method="_on_area_3d_body_part_hit"]
[connection signal="body_entered" from="Area3D2" to="." method="_on_area_3d_2_body_entered"]
[connection signal="body_exited" from="Area3D2" to="." method="_on_area_3d_2_body_exited"]

[editable path="face_dir/body"]
