[gd_scene load_steps=36 format=3 uid="uid://4egd0u7cr53k"]

[ext_resource type="PackedScene" uid="uid://clmqop7ljb4dw" path="res://body.blend" id="1_buoe6"]

[sub_resource type="CapsuleShape3D" id="CapsuleShape3D_bbjpo"]
radius = 0.010529
height = 0.10529

[sub_resource type="CapsuleShape3D" id="CapsuleShape3D_3s8p1"]
radius = 0.0389355
height = 0.389355

[sub_resource type="CapsuleShape3D" id="CapsuleShape3D_11fvc"]
radius = 0.0427942
height = 0.427942

[sub_resource type="CapsuleShape3D" id="CapsuleShape3D_nr6i2"]
radius = 0.0127669
height = 0.127669

[sub_resource type="CapsuleShape3D" id="CapsuleShape3D_tw0ej"]
radius = 0.0389355
height = 0.389355

[sub_resource type="CapsuleShape3D" id="CapsuleShape3D_f3owr"]
radius = 0.0427941
height = 0.427941

[sub_resource type="CapsuleShape3D" id="CapsuleShape3D_xat5o"]
radius = 0.0127669
height = 0.127669

[sub_resource type="CapsuleShape3D" id="CapsuleShape3D_ta6fn"]
radius = 0.0185117
height = 0.185117

[sub_resource type="CapsuleShape3D" id="CapsuleShape3D_dl2td"]
radius = 0.0246004
height = 0.246004

[sub_resource type="CapsuleShape3D" id="CapsuleShape3D_qm3e1"]
radius = 0.00829918
height = 0.0829918

[sub_resource type="CapsuleShape3D" id="CapsuleShape3D_7qb1w"]
radius = 0.0135449
height = 0.135449

[sub_resource type="CapsuleShape3D" id="CapsuleShape3D_4lqqj"]
radius = 0.0261983
height = 0.261983

[sub_resource type="CapsuleShape3D" id="CapsuleShape3D_brdah"]
radius = 0.0207321
height = 0.207321

[sub_resource type="CapsuleShape3D" id="CapsuleShape3D_707x1"]
radius = 0.00703245
height = 0.0703245

[sub_resource type="CapsuleShape3D" id="CapsuleShape3D_ylmj8"]
radius = 0.00210912
height = 0.0210912

[sub_resource type="CapsuleShape3D" id="CapsuleShape3D_en6q3"]
radius = 0.00270387
height = 0.0270387

[sub_resource type="CapsuleShape3D" id="CapsuleShape3D_u7w8e"]
radius = 0.00220773
height = 0.0220773

[sub_resource type="CapsuleShape3D" id="CapsuleShape3D_ax0jf"]
radius = 0.00315885
height = 0.0315885

[sub_resource type="CapsuleShape3D" id="CapsuleShape3D_pq1fo"]
radius = 0.00279774
height = 0.0279774

[sub_resource type="CapsuleShape3D" id="CapsuleShape3D_y1vgj"]
radius = 0.0027053
height = 0.027053

[sub_resource type="CapsuleShape3D" id="CapsuleShape3D_uujql"]
radius = 0.00306825
height = 0.0306825

[sub_resource type="CapsuleShape3D" id="CapsuleShape3D_db7md"]
radius = 0.00307387
height = 0.0307387

[sub_resource type="CapsuleShape3D" id="CapsuleShape3D_uabsh"]
radius = 0.0135449
height = 0.135449

[sub_resource type="CapsuleShape3D" id="CapsuleShape3D_r2fpt"]
radius = 0.0261983
height = 0.261983

[sub_resource type="CapsuleShape3D" id="CapsuleShape3D_bwixf"]
radius = 0.0207321
height = 0.207321

[sub_resource type="CapsuleShape3D" id="CapsuleShape3D_k33n1"]
radius = 0.00703244
height = 0.0703244

[sub_resource type="CapsuleShape3D" id="CapsuleShape3D_3db5u"]
radius = 0.00210912
height = 0.0210912

[sub_resource type="CapsuleShape3D" id="CapsuleShape3D_y55dj"]
radius = 0.00270386
height = 0.0270386

[sub_resource type="CapsuleShape3D" id="CapsuleShape3D_5kf30"]
radius = 0.00220774
height = 0.0220774

[sub_resource type="CapsuleShape3D" id="CapsuleShape3D_qwi55"]
radius = 0.00315887
height = 0.0315887

[sub_resource type="CapsuleShape3D" id="CapsuleShape3D_d1soi"]
radius = 0.00279775
height = 0.0279775

[sub_resource type="CapsuleShape3D" id="CapsuleShape3D_gl772"]
radius = 0.00270529
height = 0.0270529

[sub_resource type="CapsuleShape3D" id="CapsuleShape3D_8vijj"]
radius = 0.00306828
height = 0.0306828

[sub_resource type="CapsuleShape3D" id="CapsuleShape3D_75tw6"]
radius = 0.00307385
height = 0.0307385

[node name="CharacterBody3D" type="CharacterBody3D"]

[node name="body" parent="." instance=ExtResource("1_buoe6")]
transform = Transform3D(1, 0, 0, 0, 0.798457, -0.602052, 0, 0.602052, 0.798457, 0.410155, 0, 0.0897722)
top_level = true

[node name="PhysicalBoneSimulator3D" type="PhysicalBoneSimulator3D" parent="body/root/Skeleton3D" index="1"]
influence = 0.0

[node name="Physical Bone pelvis" type="PhysicalBone3D" parent="body/root/Skeleton3D/PhysicalBoneSimulator3D"]
transform = Transform3D(0.217315, 0.304329, -0.927447, 0.47958, 0.794274, 0.373003, 0.850163, -0.525844, 0.0266574, 0.0460654, 0.946777, 0.212883)
joint_offset = Transform3D(1, 0, 0, 0, 1, 0, 0, 0, 1, -1.03586e-06, -5.34637e-07, 0.0526441)
body_offset = Transform3D(-0.0472918, 0.246957, -0.967872, 5.43892e-07, 0.968956, 0.247233, 0.998881, 0.0116917, -0.0458238, 0.0509528, -0.0130149, 0.00241339)
bone_name = "pelvis"

[node name="CollisionShape3D" type="CollisionShape3D" parent="body/root/Skeleton3D/PhysicalBoneSimulator3D/Physical Bone pelvis"]
transform = Transform3D(1, 7.45058e-09, -2.98023e-08, 2.98023e-08, -1.86265e-09, 1, 7.45058e-09, -1, 9.31323e-10, -0.0323289, 0.0199962, -0.0010137)
shape = SubResource("CapsuleShape3D_bbjpo")

[node name="Physical Bone thigh_l" type="PhysicalBone3D" parent="body/root/Skeleton3D/PhysicalBoneSimulator3D"]
transform = Transform3D(0.00995288, 0.997757, -0.0661968, 0.625201, 0.0454559, 0.779139, 0.7804, -0.049141, -0.623346, 0.107778, 0.775459, 0.33283)
joint_type = 1
joint_offset = Transform3D(1, 0, 0, 0, 1, 0, 0, 0, 1, -6.97395e-07, 2.12569e-07, 0.194677)
body_offset = Transform3D(1, 1.86265e-07, -7.0408e-07, -6.48201e-07, -7.84348e-08, -1, 5.40167e-08, 1.00001, -1.73401e-07, 8.34465e-07, 0.194677, -1.78814e-07)
bone_name = "thigh.l"
joint_constraints/bias = 0.3
joint_constraints/damping = 1.0
joint_constraints/impulse_clamp = 0.0

[node name="CollisionShape3D" type="CollisionShape3D" parent="body/root/Skeleton3D/PhysicalBoneSimulator3D/Physical Bone thigh_l"]
transform = Transform3D(1, 0, 0, 0, 0, 1, 0, -1, 0, 0, 0, 0)
shape = SubResource("CapsuleShape3D_3s8p1")

[node name="Physical Bone calf_l" type="PhysicalBone3D" parent="body/root/Skeleton3D/PhysicalBoneSimulator3D"]
transform = Transform3D(0.0145904, 0.997757, -0.0653311, 0.568773, 0.0454557, 0.821238, 0.822365, -0.0491408, -0.566834, 0.134644, 0.448057, 0.575467)
joint_type = 1
joint_offset = Transform3D(1, 0, 0, 0, 1, 0, 0, 0, 1, -4.36268e-07, -4.9192e-08, 0.213971)
body_offset = Transform3D(1, 3.01749e-07, -1.30385e-06, -1.47521e-06, 7.27596e-09, -1, -5.30854e-08, 1.00001, -4.86616e-08, 7.15256e-07, 0.213971, 5.96046e-08)
bone_name = "calf.l"
joint_constraints/bias = 0.3
joint_constraints/damping = 1.0
joint_constraints/impulse_clamp = 0.0

[node name="CollisionShape3D" type="CollisionShape3D" parent="body/root/Skeleton3D/PhysicalBoneSimulator3D/Physical Bone calf_l"]
transform = Transform3D(1, 0, 0, 0, 0, 1, 0, -1, 0, 0, 0, 0)
shape = SubResource("CapsuleShape3D_11fvc")

[node name="Physical Bone foot_l" type="PhysicalBone3D" parent="body/root/Skeleton3D/PhysicalBoneSimulator3D"]
transform = Transform3D(-0.922088, 0.26164, -0.285128, 0.241585, 0.964787, 0.104036, 0.302308, 0.0270477, -0.952826, 0.166824, 0.265695, 0.757576)
joint_type = 1
joint_offset = Transform3D(1, 0, 0, 0, 1, 0, 0, 0, 1, -3.75399e-07, -4.01369e-07, 0.0638349)
body_offset = Transform3D(1.00001, -4.45545e-06, 3.54648e-06, 4.17233e-07, 7.15256e-07, -1, 1.3411e-07, 1, -2.11596e-06, 1.49012e-07, 0.063835, 5.36442e-07)
bone_name = "foot.l"
joint_constraints/bias = 0.3
joint_constraints/damping = 1.0
joint_constraints/impulse_clamp = 0.0

[node name="CollisionShape3D" type="CollisionShape3D" parent="body/root/Skeleton3D/PhysicalBoneSimulator3D/Physical Bone foot_l"]
transform = Transform3D(1, 0, 0, 0, 0, 1, 0, -1, 0, 0, 0, 0)
shape = SubResource("CapsuleShape3D_nr6i2")

[node name="Physical Bone thigh_r" type="PhysicalBone3D" parent="body/root/Skeleton3D/PhysicalBoneSimulator3D"]
transform = Transform3D(-0.511513, -0.853114, 0.102718, -0.527469, 0.40611, 0.746224, -0.678329, 0.327523, -0.657722, -0.121282, 0.820094, 0.379446)
joint_type = 1
joint_offset = Transform3D(1, 0, 0, 0, 1, 0, 0, 0, 1, 5.01224e-07, -8.95455e-07, 0.194677)
body_offset = Transform3D(0.999999, 1.49012e-07, -7.37607e-07, -7.59959e-07, 2.01166e-07, -1, -1.49012e-07, 0.999996, 1.60187e-07, -3.57628e-07, 0.194677, 8.64267e-07)
bone_name = "thigh.r"
joint_constraints/bias = 0.3
joint_constraints/damping = 1.0
joint_constraints/impulse_clamp = 0.0

[node name="CollisionShape3D" type="CollisionShape3D" parent="body/root/Skeleton3D/PhysicalBoneSimulator3D/Physical Bone thigh_r"]
transform = Transform3D(1, 0, 0, 0, 0, 1, 0, -1, 0, 0, 0, 0)
shape = SubResource("CapsuleShape3D_tw0ej")

[node name="Physical Bone calf_r" type="PhysicalBone3D" parent="body/root/Skeleton3D/PhysicalBoneSimulator3D"]
transform = Transform3D(-0.503008, -0.853114, 0.13849, -0.473603, 0.40611, 0.781521, -0.722969, 0.327522, -0.608314, -0.170911, 0.507598, 0.637651)
joint_type = 1
joint_offset = Transform3D(1, 0, 0, 0, 1, 0, 0, 0, 1, 7.12489e-07, -7.52045e-07, 0.21397)
body_offset = Transform3D(0.999999, 1.16229e-06, 2.91504e-07, 2.30037e-07, -6.37956e-08, -1, -1.16229e-06, 0.999996, -1.06636e-07, -7.7486e-07, 0.21397, 7.7486e-07)
bone_name = "calf.r"
joint_constraints/bias = 0.3
joint_constraints/damping = 1.0
joint_constraints/impulse_clamp = 0.0

[node name="CollisionShape3D" type="CollisionShape3D" parent="body/root/Skeleton3D/PhysicalBoneSimulator3D/Physical Bone calf_r"]
transform = Transform3D(1, 0, 0, 0, 0, 1, 0, -1, 0, 0, 0, 0)
shape = SubResource("CapsuleShape3D_f3owr")

[node name="Physical Bone foot_r" type="PhysicalBone3D" parent="body/root/Skeleton3D/PhysicalBoneSimulator3D"]
transform = Transform3D(-0.987678, 0.135361, -0.0785493, 0.130523, 0.989391, 0.0637848, 0.08635, 0.0527464, -0.994868, -0.19553, 0.336304, 0.831319)
joint_type = 1
joint_offset = Transform3D(1, 0, 0, 0, 1, 0, 0, 0, 1, -4.94284e-07, -7.216e-07, 0.0638349)
body_offset = Transform3D(0.999997, -1.92225e-06, 1.20699e-06, -7.45058e-08, -2.08616e-07, -0.999999, 2.30968e-07, 0.999999, 5.66244e-07, 4.17233e-07, 0.0638349, 6.85453e-07)
bone_name = "foot.r"
joint_constraints/bias = 0.3
joint_constraints/damping = 1.0
joint_constraints/impulse_clamp = 0.0

[node name="CollisionShape3D" type="CollisionShape3D" parent="body/root/Skeleton3D/PhysicalBoneSimulator3D/Physical Bone foot_r"]
transform = Transform3D(1, 0, 0, 0, 0, 1, 0, -1, 0, 0, 0, 0)
shape = SubResource("CapsuleShape3D_xat5o")

[node name="Physical Bone spine_01" type="PhysicalBone3D" parent="body/root/Skeleton3D/PhysicalBoneSimulator3D"]
transform = Transform3D(0.964294, 0.264833, 0.000431924, -0.183149, 0.668045, -0.72123, -0.191294, 0.695399, 0.692695, 0.00509617, 1.13692, 0.0896226)
joint_type = 1
joint_offset = Transform3D(1, 0, 0, 0, 1, 0, 0, 0, 1, -4.04915e-08, -6.88666e-08, 0.0925599)
body_offset = Transform3D(1, 2.98023e-08, 1.15484e-07, 1.04308e-07, -5.21541e-07, -1, 5.96046e-08, 1, -5.43892e-07, 2.98023e-08, 0.0925599, 1.19209e-07)
bone_name = "spine_01"
joint_constraints/bias = 0.3
joint_constraints/damping = 1.0
joint_constraints/impulse_clamp = 0.0

[node name="CollisionShape3D" type="CollisionShape3D" parent="body/root/Skeleton3D/PhysicalBoneSimulator3D/Physical Bone spine_01"]
transform = Transform3D(1, 0, 0, 0, 0, 1, 0, -1, 0, 0, 0, 0)
shape = SubResource("CapsuleShape3D_ta6fn")

[node name="Physical Bone spine_02" type="PhysicalBone3D" parent="body/root/Skeleton3D/PhysicalBoneSimulator3D"]
transform = Transform3D(0.962525, 0.268457, 0.0384401, -0.187555, 0.761331, -0.620644, -0.195882, 0.590175, 0.78315, 0.000327528, 1.28002, -0.0708216)
joint_type = 1
joint_offset = Transform3D(1, 0, 0, 0, 1, 0, 0, 0, 1, 4.59187e-07, -5.13424e-07, 0.123004)
body_offset = Transform3D(1, -2.68221e-07, 2.23517e-08, 0, 1.19209e-06, -1, 3.57628e-07, 1, 1.2666e-06, -4.61936e-07, 0.123004, 3.57628e-07)
bone_name = "spine_02"
joint_constraints/bias = 0.3
joint_constraints/damping = 1.0
joint_constraints/impulse_clamp = 0.0

[node name="CollisionShape3D" type="CollisionShape3D" parent="body/root/Skeleton3D/PhysicalBoneSimulator3D/Physical Bone spine_02"]
transform = Transform3D(1, 0, 0, 0, 0, 1, 0, -1, 0, 0, 0, 0)
shape = SubResource("CapsuleShape3D_dl2td")

[node name="Physical Bone neck_01" type="PhysicalBone3D" parent="body/root/Skeleton3D/PhysicalBoneSimulator3D"]
transform = Transform3D(0.958939, 0.272961, -0.0769914, -0.193366, 0.430663, -0.881555, -0.207472, 0.860245, 0.465761, -0.00120476, 1.39294, -0.186476)
joint_type = 1
joint_offset = Transform3D(1, 0, 0, 0, 1, 0, 0, 0, 1, -1.16984e-07, -1.46624e-06, 0.0414974)
body_offset = Transform3D(1, 1.78814e-07, 3.05474e-07, 3.05474e-07, -1.83284e-06, -1, -8.9407e-08, 1, -2.01166e-06, 1.04308e-07, 0.0414973, 1.54972e-06)
bone_name = "neck_01"
joint_constraints/bias = 0.3
joint_constraints/damping = 1.0
joint_constraints/impulse_clamp = 0.0

[node name="CollisionShape3D" type="CollisionShape3D" parent="body/root/Skeleton3D/PhysicalBoneSimulator3D/Physical Bone neck_01"]
transform = Transform3D(1, 0, 0, 0, 0, 1, 0, -1, 0, 0, 0, 0)
shape = SubResource("CapsuleShape3D_qm3e1")

[node name="Physical Bone clavicle_r" type="PhysicalBone3D" parent="body/root/Skeleton3D/PhysicalBoneSimulator3D"]
transform = Transform3D(0.011868, -0.0112041, 0.999867, 0.663546, -0.747959, -0.0162574, 0.748041, 0.663651, -0.00144237, -0.104799, 1.34441, -0.0925549)
joint_type = 1
joint_offset = Transform3D(1, 0, 0, 0, 1, 0, 0, 0, 1, 2.3331e-07, 1.03e-06, 0.0677254)
body_offset = Transform3D(1, 2.38419e-07, -8.04663e-07, -6.73346e-07, -2.79589e-06, -1, -3.7998e-07, 1, -2.88716e-06, -1.78814e-07, 0.0677254, -8.34465e-07)
bone_name = "clavicle.r"
joint_constraints/bias = 0.3
joint_constraints/damping = 1.0
joint_constraints/impulse_clamp = 0.0

[node name="CollisionShape3D" type="CollisionShape3D" parent="body/root/Skeleton3D/PhysicalBoneSimulator3D/Physical Bone clavicle_r"]
transform = Transform3D(1, 0, 0, 0, 0, 1, 0, -1, 0, 0, 0, 0)
shape = SubResource("CapsuleShape3D_7qb1w")

[node name="Physical Bone upperarm_r" type="PhysicalBone3D" parent="body/root/Skeleton3D/PhysicalBoneSimulator3D"]
transform = Transform3D(-0.18035, 0.228479, 0.956698, 0.198978, 0.961012, -0.192, -0.963266, 0.155735, -0.218781, -0.297833, 1.37066, -0.063798)
joint_type = 1
joint_offset = Transform3D(1, 0, 0, 0, 1, 0, 0, 0, 1, -7.44817e-07, -3.30663e-06, 0.130992)
body_offset = Transform3D(1, -8.9407e-08, -1.59442e-06, -1.57952e-06, -3.27826e-07, -1, 0, 1, -2.38419e-07, 9.53674e-07, 0.130992, 3.33786e-06)
bone_name = "upperarm.r"
joint_constraints/bias = 0.3
joint_constraints/damping = 1.0
joint_constraints/impulse_clamp = 0.0

[node name="CollisionShape3D" type="CollisionShape3D" parent="body/root/Skeleton3D/PhysicalBoneSimulator3D/Physical Bone upperarm_r"]
transform = Transform3D(1, 0, 0, 0, 0, 1, 0, -1, 0, 0, 0, 0)
shape = SubResource("CapsuleShape3D_4lqqj")

[node name="Physical Bone lowerarm_r" type="PhysicalBone3D" parent="body/root/Skeleton3D/PhysicalBoneSimulator3D"]
transform = Transform3D(-0.163704, 0.228478, 0.959687, 0.195613, 0.961012, -0.195425, -0.966921, 0.155735, -0.202014, -0.522635, 1.41607, -0.0141993)
joint_type = 1
joint_offset = Transform3D(1, 0, 0, 0, 1, 0, 0, 0, 1, -9.22512e-07, -9.98202e-07, 0.103662)
body_offset = Transform3D(1, -1.49012e-07, 8.49366e-07, 8.19564e-07, 1.50502e-06, -1, -1.19209e-07, 1, 1.57952e-06, 8.34465e-07, 0.103662, 8.34465e-07)
bone_name = "lowerarm.r"
joint_constraints/bias = 0.3
joint_constraints/damping = 1.0
joint_constraints/impulse_clamp = 0.0

[node name="CollisionShape3D" type="CollisionShape3D" parent="body/root/Skeleton3D/PhysicalBoneSimulator3D/Physical Bone lowerarm_r"]
transform = Transform3D(1, 0, 0, 0, 0, 1, 0, -1, 0, 0, 0, 0)
shape = SubResource("CapsuleShape3D_brdah")

[node name="Physical Bone hand_r" type="PhysicalBone3D" parent="body/root/Skeleton3D/PhysicalBoneSimulator3D"]
transform = Transform3D(-0.0723317, -0.856643, 0.510814, -0.805259, -0.252034, -0.53669, 0.588494, -0.450158, -0.67159, -0.640078, 1.4552, 0.030356)
joint_type = 1
joint_offset = Transform3D(1, 0, 0, 0, 1, 0, 0, 0, 1, 8.78237e-07, -1.13015e-06, 0.0351626)
body_offset = Transform3D(0.0943444, 0.709054, 0.698814, 4.00469e-08, 0.701945, -0.712231, -0.995539, 0.067195, 0.0662246, -0.0245714, 0.0250447, -0.00232768)
bone_name = "hand.r"
joint_constraints/bias = 0.3
joint_constraints/damping = 1.0
joint_constraints/impulse_clamp = 0.0

[node name="CollisionShape3D" type="CollisionShape3D" parent="body/root/Skeleton3D/PhysicalBoneSimulator3D/Physical Bone hand_r"]
transform = Transform3D(1, 0, 0, 0, 0, 1, 0, -1, 0, 0, 0, 0)
shape = SubResource("CapsuleShape3D_707x1")

[node name="Physical Bone thumb_01_r" type="PhysicalBone3D" parent="body/root/Skeleton3D/PhysicalBoneSimulator3D"]
transform = Transform3D(-0.0180554, 0.998812, 0.0452555, 0.875933, 0.0376262, -0.480963, -0.482095, 0.0309569, -0.875572, -0.658517, 1.47914, 0.0632048)
joint_type = 1
joint_offset = Transform3D(1, 0, 0, 0, 1, 0, 0, 0, 1, -1.11149e-06, 1.03822e-06, 0.0105463)
body_offset = Transform3D(1, 1.31316e-07, -3.02494e-05, -3.00705e-05, 1.84402e-06, -1, -2.56114e-08, 1, 1.87382e-06, 1.43051e-06, 0.0105463, -1.05798e-06)
bone_name = "thumb_01.r"
joint_constraints/bias = 0.3
joint_constraints/damping = 1.0
joint_constraints/impulse_clamp = 0.0

[node name="CollisionShape3D" type="CollisionShape3D" parent="body/root/Skeleton3D/PhysicalBoneSimulator3D/Physical Bone thumb_01_r"]
transform = Transform3D(1, 0, 0, 0, 0, 1, 0, -1, 0, 0, 0, 0)
shape = SubResource("CapsuleShape3D_ylmj8")

[node name="Physical Bone thumb_02_r" type="PhysicalBone3D" parent="body/root/Skeleton3D/PhysicalBoneSimulator3D"]
transform = Transform3D(0.558199, 0.819879, 0.12733, 0.790283, -0.478635, -0.382571, -0.252718, 0.314177, -0.91511, -0.660715, 1.48939, 0.0848093)
joint_type = 1
joint_offset = Transform3D(1, 0, 0, 0, 1, 0, 0, 0, 1, -2.50253e-06, 2.1122e-06, 0.01352)
body_offset = Transform3D(1, 2.15136e-07, -8.88109e-06, -8.79169e-06, -2.03028e-06, -1, 2.55182e-07, 1, -1.92598e-06, 2.6226e-06, 0.01352, -2.08616e-06)
bone_name = "thumb_02.r"
joint_constraints/bias = 0.3
joint_constraints/damping = 1.0
joint_constraints/impulse_clamp = 0.0

[node name="CollisionShape3D" type="CollisionShape3D" parent="body/root/Skeleton3D/PhysicalBoneSimulator3D/Physical Bone thumb_02_r"]
transform = Transform3D(1, 0, 0, 0, 0, 1, 0, -1, 0, 0, 0, 0)
shape = SubResource("CapsuleShape3D_en6q3")

[node name="Physical Bone ring_01_r" type="PhysicalBone3D" parent="body/root/Skeleton3D/PhysicalBoneSimulator3D"]
transform = Transform3D(-0.20768, 0.00894251, 0.978156, -0.633641, 0.760579, -0.141487, -0.74523, -0.649184, -0.152291, -0.72236, 1.43894, 0.00536923)
joint_type = 1
joint_offset = Transform3D(1, 0, 0, 0, 1, 0, 0, 0, 1, 8.16861e-07, -2.39574e-06, 0.0110409)
body_offset = Transform3D(1, 1.67638e-07, 1.59442e-06, 1.60933e-06, 9.81614e-07, -1, -2.42144e-07, 1, 1.04681e-06, -8.34465e-07, 0.0110409, 2.38419e-06)
bone_name = "ring_01.r"
joint_constraints/bias = 0.3
joint_constraints/damping = 1.0
joint_constraints/impulse_clamp = 0.0

[node name="CollisionShape3D" type="CollisionShape3D" parent="body/root/Skeleton3D/PhysicalBoneSimulator3D/Physical Bone ring_01_r"]
transform = Transform3D(1, 0, 0, 0, 0, 1, 0, -1, 0, 0, 0, 0)
shape = SubResource("CapsuleShape3D_u7w8e")

[node name="Physical Bone ring_02_r" type="PhysicalBone3D" parent="body/root/Skeleton3D/PhysicalBoneSimulator3D"]
transform = Transform3D(-0.260019, 0.0309651, 0.965107, -0.628197, 0.753627, -0.193429, -0.73332, -0.656573, -0.176505, -0.748399, 1.44355, 0.00983904)
joint_type = 1
joint_offset = Transform3D(1, 0, 0, 0, 1, 0, 0, 0, 1, 9.68266e-07, -7.37704e-07, 0.0157947)
body_offset = Transform3D(1, -3.20375e-07, -9.23872e-07, -7.89762e-07, 1.30385e-06, -1, 3.12924e-07, 1, 1.4212e-06, -9.53674e-07, 0.0157947, 7.15256e-07)
bone_name = "ring_02.r"
joint_constraints/bias = 0.3
joint_constraints/damping = 1.0
joint_constraints/impulse_clamp = 0.0

[node name="CollisionShape3D" type="CollisionShape3D" parent="body/root/Skeleton3D/PhysicalBoneSimulator3D/Physical Bone ring_02_r"]
transform = Transform3D(1, 0, 0, 0, 0, 1, 0, -1, 0, 0, 0, 0)
shape = SubResource("CapsuleShape3D_ax0jf")

[node name="Physical Bone middle_01_r" type="PhysicalBone3D" parent="body/root/Skeleton3D/PhysicalBoneSimulator3D"]
transform = Transform3D(-0.257511, 0.0163373, 0.966137, -0.626821, 0.758113, -0.17989, -0.73538, -0.651919, -0.184982, -0.718793, 1.45856, 0.0250953)
joint_type = 1
joint_offset = Transform3D(1, 0, 0, 0, 1, 0, 0, 0, 1, 1.27942e-06, -2.14715e-06, 0.013989)
body_offset = Transform3D(1, 9.76026e-07, -1.98185e-06, -1.84774e-06, 6.33299e-08, -1, -1.00583e-06, 1, 9.87202e-08, -1.2517e-06, 0.013989, 2.14577e-06)
bone_name = "middle_01.r"
joint_constraints/bias = 0.3
joint_constraints/damping = 1.0
joint_constraints/impulse_clamp = 0.0

[node name="CollisionShape3D" type="CollisionShape3D" parent="body/root/Skeleton3D/PhysicalBoneSimulator3D/Physical Bone middle_01_r"]
transform = Transform3D(1, 0, 0, 0, 0, 1, 0, -1, 0, 0, 0, 0)
shape = SubResource("CapsuleShape3D_pq1fo")

[node name="Physical Bone middle_02_r" type="PhysicalBone3D" parent="body/root/Skeleton3D/PhysicalBoneSimulator3D"]
transform = Transform3D(-0.249497, 0.00810009, 0.968342, -0.635944, 0.752745, -0.17015, -0.730292, -0.658263, -0.182657, -0.745408, 1.46337, 0.0301565)
joint_type = 1
joint_offset = Transform3D(1, 0, 0, 0, 1, 0, 0, 0, 1, 1.73142e-06, 1.39176e-06, 0.0135279)
body_offset = Transform3D(1, -2.23517e-08, -4.61936e-06, -4.58956e-06, 1.16304e-05, -1, 0, 1, 1.16769e-05, -1.66893e-06, 0.0135279, -1.54972e-06)
bone_name = "middle_02.r"
joint_constraints/bias = 0.3
joint_constraints/damping = 1.0
joint_constraints/impulse_clamp = 0.0

[node name="CollisionShape3D" type="CollisionShape3D" parent="body/root/Skeleton3D/PhysicalBoneSimulator3D/Physical Bone middle_02_r"]
transform = Transform3D(1, 0, 0, 0, 0, 1, 0, -1, 0, 0, 0, 0)
shape = SubResource("CapsuleShape3D_y1vgj")

[node name="Physical Bone index_01_r" type="PhysicalBone3D" parent="body/root/Skeleton3D/PhysicalBoneSimulator3D"]
transform = Transform3D(-0.277074, 0.0210537, 0.960618, -0.620545, 0.759377, -0.195629, -0.73359, -0.65031, -0.197339, -0.709177, 1.4753, 0.0482009)
joint_type = 1
joint_offset = Transform3D(1, 0, 0, 0, 1, 0, 0, 0, 1, 2.02718e-06, -2.77538e-06, 0.0153428)
body_offset = Transform3D(1, 7.82311e-08, 3.8445e-06, 3.8743e-06, 9.88878e-06, -1, -1.45286e-07, 1, 9.9577e-06, -2.08616e-06, 0.0153428, 2.6226e-06)
bone_name = "index_01.r"
joint_constraints/bias = 0.3
joint_constraints/damping = 1.0
joint_constraints/impulse_clamp = 0.0

[node name="CollisionShape3D" type="CollisionShape3D" parent="body/root/Skeleton3D/PhysicalBoneSimulator3D/Physical Bone index_01_r"]
transform = Transform3D(1, 0, 0, 0, 0, 1, 0, -1, 0, 0, 0, 0)
shape = SubResource("CapsuleShape3D_uujql")

[node name="Physical Bone index_02_r" type="PhysicalBone3D" parent="body/root/Skeleton3D/PhysicalBoneSimulator3D"]
transform = Transform3D(-0.2647, 0.0454373, 0.96326, -0.628402, 0.749554, -0.208039, -0.731468, -0.660382, -0.169854, -0.738719, 1.4815, 0.0538389)
joint_type = 1
joint_offset = Transform3D(1, 0, 0, 0, 1, 0, 0, 0, 1, 1.09854e-06, -1.5978e-06, 0.0153708)
body_offset = Transform3D(1, 2.6077e-07, -1.66893e-06, -1.54972e-06, 1.07754e-05, -1, -1.93715e-07, 1, 1.08834e-05, -1.07288e-06, 0.0153708, 1.43051e-06)
bone_name = "index_02.r"
joint_constraints/bias = 0.3
joint_constraints/damping = 1.0
joint_constraints/impulse_clamp = 0.0

[node name="CollisionShape3D" type="CollisionShape3D" parent="body/root/Skeleton3D/PhysicalBoneSimulator3D/Physical Bone index_02_r"]
transform = Transform3D(1, 0, 0, 0, 0, 1, 0, -1, 0, 0, 0, 0)
shape = SubResource("CapsuleShape3D_db7md")

[node name="Physical Bone clavicle_l" type="PhysicalBone3D" parent="body/root/Skeleton3D/PhysicalBoneSimulator3D"]
transform = Transform3D(-0.511527, -0.0102471, -0.859206, -0.566183, -0.748146, 0.345999, -0.646357, 0.663455, 0.376895, 0.105043, 1.30352, -0.135259)
joint_type = 1
joint_offset = Transform3D(1, 0, 0, 0, 1, 0, 0, 0, 1, -4.6069e-07, 3.0187e-07, 0.0677246)
body_offset = Transform3D(1, -3.72529e-08, -2.38419e-07, -4.47035e-07, -2.72691e-06, -1, -1.04308e-07, 1, -2.69711e-06, 4.76837e-07, 0.0677246, -1.19209e-07)
bone_name = "clavicle.l"
joint_constraints/bias = 0.3
joint_constraints/damping = 1.0
joint_constraints/impulse_clamp = 0.0

[node name="CollisionShape3D" type="CollisionShape3D" parent="body/root/Skeleton3D/PhysicalBoneSimulator3D/Physical Bone clavicle_l"]
transform = Transform3D(1, 0, 0, 0, 0, 1, 0, -1, 0, 0, 0, 0)
shape = SubResource("CapsuleShape3D_uabsh")

[node name="Physical Bone upperarm_l" type="PhysicalBone3D" parent="body/root/Skeleton3D/PhysicalBoneSimulator3D"]
transform = Transform3D(0.137566, 0.210829, -0.967795, -0.190641, 0.964451, 0.183002, 0.971973, 0.159327, 0.172868, 0.290006, 1.25612, -0.183427)
joint_type = 1
joint_offset = Transform3D(1, 0, 0, 0, 1, 0, 0, 0, 1, 8.17417e-08, -2.56014e-06, 0.130991)
body_offset = Transform3D(1, 1.19209e-07, 9.68575e-07, 1.02818e-06, -5.36442e-07, -1, 1.19209e-07, 1, -4.76837e-07, -2.08616e-07, 0.130991, 2.6226e-06)
bone_name = "upperarm.l"
joint_constraints/bias = 0.3
joint_constraints/damping = 1.0
joint_constraints/impulse_clamp = 0.0

[node name="CollisionShape3D" type="CollisionShape3D" parent="body/root/Skeleton3D/PhysicalBoneSimulator3D/Physical Bone upperarm_l"]
transform = Transform3D(1, 0, 0, 0, 0, 1, 0, -1, 0, 0, 0, 0)
shape = SubResource("CapsuleShape3D_r2fpt")

[node name="Physical Bone lowerarm_l" type="PhysicalBone3D" parent="body/root/Skeleton3D/PhysicalBoneSimulator3D"]
transform = Transform3D(0.154356, 0.21083, -0.965259, -0.193792, 0.964451, 0.179664, 0.968823, 0.159327, 0.189726, 0.516839, 1.21352, -0.22574)
joint_type = 1
joint_offset = Transform3D(1, 0, 0, 0, 1, 0, 0, 0, 1, 6.18041e-07, -1.81285e-06, 0.103662)
body_offset = Transform3D(1, 3.27826e-07, -1.93715e-06, -1.87755e-06, 1.93715e-07, -1, -2.98023e-08, 1, 2.38419e-07, -4.17233e-07, 0.103662, 1.78814e-06)
bone_name = "lowerarm.l"
joint_constraints/bias = 0.3
joint_constraints/damping = 1.0
joint_constraints/impulse_clamp = 0.0

[node name="CollisionShape3D" type="CollisionShape3D" parent="body/root/Skeleton3D/PhysicalBoneSimulator3D/Physical Bone lowerarm_l"]
transform = Transform3D(1, 0, 0, 0, 0, 1, 0, -1, 0, 0, 0, 0)
shape = SubResource("CapsuleShape3D_bwixf")

[node name="Physical Bone hand_l" type="PhysicalBone3D" parent="body/root/Skeleton3D/PhysicalBoneSimulator3D"]
transform = Transform3D(0.00713925, 0.469893, -0.882695, 0.817965, -0.510517, -0.265152, -0.575224, -0.72012, -0.388001, 0.647933, 1.20422, -0.231764)
joint_type = 1
joint_offset = Transform3D(1, 0, 0, 0, 1, 0, 0, 0, 1, -1.03796e-06, 2.66882e-07, 0.0351604)
body_offset = Transform3D(0.0943481, -0.709054, -0.698814, -1.09896e-07, 0.701946, -0.712232, 0.995539, 0.0671976, 0.0662272, 0.0245709, 0.0250422, -0.00232756)
bone_name = "hand.l"
joint_constraints/bias = 0.3
joint_constraints/damping = 1.0
joint_constraints/impulse_clamp = 0.0

[node name="CollisionShape3D" type="CollisionShape3D" parent="body/root/Skeleton3D/PhysicalBoneSimulator3D/Physical Bone hand_l"]
transform = Transform3D(1, 0, 0, 0, 0, 1, 0, -1, 0, 0, 0, 0)
shape = SubResource("CapsuleShape3D_k33n1")

[node name="Physical Bone thumb_01_l" type="PhysicalBone3D" parent="body/root/Skeleton3D/PhysicalBoneSimulator3D"]
transform = Transform3D(-0.149888, -0.826636, -0.542409, -0.843224, 0.393329, -0.366422, 0.516242, 0.40245, -0.755995, 0.68469, 1.21741, -0.210149)
joint_type = 1
joint_offset = Transform3D(1, 0, 0, 0, 1, 0, 0, 0, 1, 1.94121e-06, -2.06547e-06, 0.0105446)
body_offset = Transform3D(1, 5.17815e-07, -3.2112e-06, -3.30061e-06, 4.17233e-07, -1, -4.58211e-07, 1, 8.64267e-07, -1.90735e-06, 0.0105446, 2.05636e-06)
bone_name = "thumb_01.l"
joint_constraints/bias = 0.3
joint_constraints/damping = 1.0
joint_constraints/impulse_clamp = 0.0

[node name="CollisionShape3D" type="CollisionShape3D" parent="body/root/Skeleton3D/PhysicalBoneSimulator3D/Physical Bone thumb_01_l"]
transform = Transform3D(1, 0, 0, 0, 0, 1, 0, -1, 0, 0, 0, 0)
shape = SubResource("CapsuleShape3D_3db5u")

[node name="Physical Bone thumb_02_l" type="PhysicalBone3D" parent="body/root/Skeleton3D/PhysicalBoneSimulator3D"]
transform = Transform3D(0.286047, -0.753616, -0.591811, -0.954795, -0.172024, -0.242436, 0.0808978, 0.634406, -0.768755, 0.698413, 1.22455, -0.191784)
joint_type = 1
joint_offset = Transform3D(1, 0, 0, 0, 1, 0, 0, 0, 1, 2.20859e-06, 1.31448e-06, 0.0135187)
body_offset = Transform3D(1, -1.78814e-07, -2.38419e-07, 8.9407e-08, 8.01682e-06, -1, -3.57628e-07, 1, 8.58307e-06, -2.20537e-06, 0.0135187, -1.43051e-06)
bone_name = "thumb_02.l"
joint_constraints/bias = 0.3
joint_constraints/damping = 1.0
joint_constraints/impulse_clamp = 0.0

[node name="CollisionShape3D" type="CollisionShape3D" parent="body/root/Skeleton3D/PhysicalBoneSimulator3D/Physical Bone thumb_02_l"]
transform = Transform3D(1, 0, 0, 0, 0, 1, 0, -1, 0, 0, 0, 0)
shape = SubResource("CapsuleShape3D_y55dj")

[node name="Physical Bone ring_01_l" type="PhysicalBone3D" parent="body/root/Skeleton3D/PhysicalBoneSimulator3D"]
transform = Transform3D(0.33266, 0.0221822, -0.942786, 0.609288, 0.757999, 0.23282, 0.719796, -0.651878, 0.238641, 0.702819, 1.16123, -0.284666)
joint_type = 1
joint_offset = Transform3D(1, 0, 0, 0, 1, 0, 0, 0, 1, -5.77952e-07, -2.33342e-06, 0.0110396)
body_offset = Transform3D(1, -3.61353e-07, -1.63913e-06, -1.57952e-06, -4.65475e-06, -1, 3.8743e-07, 1, -4.59887e-06, 5.96046e-07, 0.0110396, 2.38419e-06)
bone_name = "ring_01.l"
joint_constraints/bias = 0.3
joint_constraints/damping = 1.0
joint_constraints/impulse_clamp = 0.0

[node name="CollisionShape3D" type="CollisionShape3D" parent="body/root/Skeleton3D/PhysicalBoneSimulator3D/Physical Bone ring_01_l"]
transform = Transform3D(1, 0, 0, 0, 0, 1, 0, -1, 0, 0, 0, 0)
shape = SubResource("CapsuleShape3D_5kf30")

[node name="Physical Bone ring_02_l" type="PhysicalBone3D" parent="body/root/Skeleton3D/PhysicalBoneSimulator3D"]
transform = Transform3D(0.281562, -0.00188818, -0.959541, 0.624003, 0.760026, 0.181608, 0.728933, -0.64989, 0.215172, 0.728382, 1.15579, -0.290699)
joint_type = 1
joint_offset = Transform3D(1, 0, 0, 0, 1, 0, 0, 0, 1, 1.72348e-08, -1.61492e-06, 0.015796)
body_offset = Transform3D(1, -1.06171e-06, 2.68221e-06, 2.74181e-06, 4.02518e-06, -1, 1.08033e-06, 1, 4.12762e-06, -5.96046e-08, 0.015796, 1.54972e-06)
bone_name = "ring_02.l"
joint_constraints/bias = 0.3
joint_constraints/damping = 1.0
joint_constraints/impulse_clamp = 0.0

[node name="CollisionShape3D" type="CollisionShape3D" parent="body/root/Skeleton3D/PhysicalBoneSimulator3D/Physical Bone ring_02_l"]
transform = Transform3D(1, 0, 0, 0, 0, 1, 0, -1, 0, 0, 0, 0)
shape = SubResource("CapsuleShape3D_qwi55")

[node name="Physical Bone middle_01_l" type="PhysicalBone3D" parent="body/root/Skeleton3D/PhysicalBoneSimulator3D"]
transform = Transform3D(0.283977, 0.0139621, -0.95873, 0.621663, 0.758576, 0.195185, 0.729995, -0.651434, 0.206739, 0.7143, 1.1793, -0.26655)
joint_type = 1
joint_offset = Transform3D(1, 0, 0, 0, 1, 0, 0, 0, 1, -9.87013e-07, -7.62706e-07, 0.0139894)
body_offset = Transform3D(1, 7.07805e-08, -1.87755e-06, -1.84774e-06, 3.31365e-06, -1, -6.33299e-08, 1, 3.39188e-06, 1.01328e-06, 0.0139894, 7.15256e-07)
bone_name = "middle_01.l"
joint_constraints/bias = 0.3
joint_constraints/damping = 1.0
joint_constraints/impulse_clamp = 0.0

[node name="CollisionShape3D" type="CollisionShape3D" parent="body/root/Skeleton3D/PhysicalBoneSimulator3D/Physical Bone middle_01_l"]
transform = Transform3D(1, 0, 0, 0, 0, 1, 0, -1, 0, 0, 0, 0)
shape = SubResource("CapsuleShape3D_d1soi")

[node name="Physical Bone middle_02_l" type="PhysicalBone3D" parent="body/root/Skeleton3D/PhysicalBoneSimulator3D"]
transform = Transform3D(0.292183, 0.0166512, -0.956218, 0.627633, 0.751073, 0.204859, 0.7216, -0.660009, 0.208999, 0.740647, 1.1738, -0.272269)
joint_type = 1
joint_offset = Transform3D(1, 0, 0, 0, 1, 0, 0, 0, 1, -7.11969e-07, -1.35328e-06, 0.0135276)
body_offset = Transform3D(1, -3.50177e-07, -4.64916e-06, -4.58956e-06, 3.01935e-06, -1, 4.02331e-07, 1, 3.10317e-06, 7.7486e-07, 0.0135276, 1.3113e-06)
bone_name = "middle_02.l"
joint_constraints/bias = 0.3
joint_constraints/damping = 1.0
joint_constraints/impulse_clamp = 0.0

[node name="CollisionShape3D" type="CollisionShape3D" parent="body/root/Skeleton3D/PhysicalBoneSimulator3D/Physical Bone middle_02_l"]
transform = Transform3D(1, 0, 0, 0, 0, 1, 0, -1, 0, 0, 0, 0)
shape = SubResource("CapsuleShape3D_gl772")

[node name="Physical Bone index_01_l" type="PhysicalBone3D" parent="body/root/Skeleton3D/PhysicalBoneSimulator3D"]
transform = Transform3D(0.26436, 0.0109911, -0.964362, 0.623023, 0.761337, 0.179466, 0.736177, -0.648263, 0.194419, 0.720855, 1.19665, -0.242822)
joint_type = 1
joint_offset = Transform3D(1, 0, 0, 0, 1, 0, 0, 0, 1, -9.28817e-07, -1.72233e-06, 0.0153402)
body_offset = Transform3D(1, -1.00955e-06, 2.26498e-06, 2.32458e-06, 3.37604e-06, -1, 1.11014e-06, 1, 3.48128e-06, 8.9407e-07, 0.0153402, 1.66893e-06)
bone_name = "index_01.l"
joint_constraints/bias = 0.3
joint_constraints/damping = 1.0
joint_constraints/impulse_clamp = 0.0

[node name="CollisionShape3D" type="CollisionShape3D" parent="body/root/Skeleton3D/PhysicalBoneSimulator3D/Physical Bone index_01_l"]
transform = Transform3D(1, 0, 0, 0, 0, 1, 0, -1, 0, 0, 0, 0)
shape = SubResource("CapsuleShape3D_8vijj")

[node name="Physical Bone index_02_l" type="PhysicalBone3D" parent="body/root/Skeleton3D/PhysicalBoneSimulator3D"]
transform = Transform3D(0.276943, -0.0171481, -0.960733, 0.626022, 0.761744, 0.166862, 0.728971, -0.647651, 0.221695, 0.750415, 1.19133, -0.249213)
joint_type = 1
joint_offset = Transform3D(1, 0, 0, 0, 1, 0, 0, 0, 1, -4.12195e-07, -2.14625e-06, 0.0153686)
body_offset = Transform3D(1, -2.98023e-07, -3.27826e-07, -4.17233e-07, -1.08033e-07, -1, 3.50177e-07, 1, 3.1665e-08, 4.17233e-07, 0.0153686, 2.14577e-06)
bone_name = "index_02.l"
joint_constraints/bias = 0.3
joint_constraints/damping = 1.0
joint_constraints/impulse_clamp = 0.0

[node name="CollisionShape3D" type="CollisionShape3D" parent="body/root/Skeleton3D/PhysicalBoneSimulator3D/Physical Bone index_02_l"]
transform = Transform3D(1, 0, 0, 0, 0, 1, 0, -1, 0, 0, 0, 0)
shape = SubResource("CapsuleShape3D_75tw6")

[node name="Light" parent="body" index="1"]
visible = false

[editable path="body"]
