[gd_scene load_steps=38 format=3 uid="uid://dnsm78dkc4fva"]

[ext_resource type="Script" path="res://character_body_3d_2.gd" id="1_52jwf"]
[ext_resource type="PackedScene" uid="uid://clmqop7ljb4dw" path="res://body.blend" id="2_oecag"]

[sub_resource type="CapsuleShape3D" id="CapsuleShape3D_wyle2"]
radius = 0.010529
height = 0.10529

[sub_resource type="CapsuleShape3D" id="CapsuleShape3D_chlse"]
radius = 0.0389355
height = 0.389355

[sub_resource type="CapsuleShape3D" id="CapsuleShape3D_jgyu2"]
radius = 0.0427942
height = 0.427942

[sub_resource type="CapsuleShape3D" id="CapsuleShape3D_qj38f"]
radius = 0.0127669
height = 0.127669

[sub_resource type="CapsuleShape3D" id="CapsuleShape3D_nplmh"]
radius = 0.0389355
height = 0.389355

[sub_resource type="CapsuleShape3D" id="CapsuleShape3D_qy0a4"]
radius = 0.0427941
height = 0.427941

[sub_resource type="CapsuleShape3D" id="CapsuleShape3D_0bf6v"]
radius = 0.0127669
height = 0.127669

[sub_resource type="CapsuleShape3D" id="CapsuleShape3D_vtirf"]
radius = 0.0185117
height = 0.185117

[sub_resource type="CapsuleShape3D" id="CapsuleShape3D_0tvny"]
radius = 0.0246004
height = 0.246004

[sub_resource type="CapsuleShape3D" id="CapsuleShape3D_0p2ol"]
radius = 0.00829918
height = 0.0829918

[sub_resource type="CapsuleShape3D" id="CapsuleShape3D_ef4c8"]
radius = 0.0135449
height = 0.135449

[sub_resource type="CapsuleShape3D" id="CapsuleShape3D_xhqnr"]
radius = 0.0261983
height = 0.261983

[sub_resource type="CapsuleShape3D" id="CapsuleShape3D_m07ou"]
radius = 0.0207321
height = 0.207321

[sub_resource type="CapsuleShape3D" id="CapsuleShape3D_bst7d"]
radius = 0.00703245
height = 0.0703245

[sub_resource type="CapsuleShape3D" id="CapsuleShape3D_iyioi"]
radius = 0.00210912
height = 0.0210912

[sub_resource type="CapsuleShape3D" id="CapsuleShape3D_yqu64"]
radius = 0.00270387
height = 0.0270387

[sub_resource type="CapsuleShape3D" id="CapsuleShape3D_flo8u"]
radius = 0.00220773
height = 0.0220773

[sub_resource type="CapsuleShape3D" id="CapsuleShape3D_8r5st"]
radius = 0.00315885
height = 0.0315885

[sub_resource type="CapsuleShape3D" id="CapsuleShape3D_enkc5"]
radius = 0.00279774
height = 0.0279774

[sub_resource type="CapsuleShape3D" id="CapsuleShape3D_dhvv6"]
radius = 0.0027053
height = 0.027053

[sub_resource type="CapsuleShape3D" id="CapsuleShape3D_l02qr"]
radius = 0.00306825
height = 0.0306825

[sub_resource type="CapsuleShape3D" id="CapsuleShape3D_ow7l3"]
radius = 0.00307387
height = 0.0307387

[sub_resource type="CapsuleShape3D" id="CapsuleShape3D_benqy"]
radius = 0.0135449
height = 0.135449

[sub_resource type="CapsuleShape3D" id="CapsuleShape3D_w1n6n"]
radius = 0.0261983
height = 0.261983

[sub_resource type="CapsuleShape3D" id="CapsuleShape3D_eypg3"]
radius = 0.0207321
height = 0.207321

[sub_resource type="CapsuleShape3D" id="CapsuleShape3D_kuqhj"]
radius = 0.00703244
height = 0.0703244

[sub_resource type="CapsuleShape3D" id="CapsuleShape3D_jjio8"]
radius = 0.00210912
height = 0.0210912

[sub_resource type="CapsuleShape3D" id="CapsuleShape3D_bfxl4"]
radius = 0.00270386
height = 0.0270386

[sub_resource type="CapsuleShape3D" id="CapsuleShape3D_alnpa"]
radius = 0.00220774
height = 0.0220774

[sub_resource type="CapsuleShape3D" id="CapsuleShape3D_qgre6"]
radius = 0.00315887
height = 0.0315887

[sub_resource type="CapsuleShape3D" id="CapsuleShape3D_00gr1"]
radius = 0.00279775
height = 0.0279775

[sub_resource type="CapsuleShape3D" id="CapsuleShape3D_tlgco"]
radius = 0.00270529
height = 0.0270529

[sub_resource type="CapsuleShape3D" id="CapsuleShape3D_t0emh"]
radius = 0.00306828
height = 0.0306828

[sub_resource type="CapsuleShape3D" id="CapsuleShape3D_qpw24"]
radius = 0.00307385
height = 0.0307385

[sub_resource type="SphereShape3D" id="SphereShape3D_vgy1n"]
radius = 5.058

[node name="CharacterBody3D2" type="CharacterBody3D"]
motion_mode = 1
script = ExtResource("1_52jwf")

[node name="body" parent="." instance=ExtResource("2_oecag")]

[node name="root" parent="body" index="0"]
transform = Transform3D(1, 0, 0, 0, 0.826865, -0.562401, 0, 0.562401, 0.826865, 0, 0, 0)

[node name="Skeleton3D" parent="body/root" index="0"]
transform = Transform3D(1, 0, 0, 0, 0.763086, 0.646297, 0, -0.646297, 0.763086, 0, 0, 0)
bones/0/position = Vector3(-0.00730741, 0.965591, 0.255474)
bones/0/rotation = Quaternion(0.130706, 0.14469, -0.0101098, 0.980754)
bones/1/position = Vector3(0.101935, -0.026015, 0.0048108)
bones/1/rotation = Quaternion(0.752708, 0.0995259, 0.650572, 0.0167798)
bones/1/scale = Vector3(0.999996, 1.02686, 0.999995)
bones/2/rotation = Quaternion(-3.92614e-05, 5.42597e-05, 0.00256847, 0.999997)
bones/2/scale = Vector3(0.999999, 1, 1)
bones/3/rotation = Quaternion(0.281431, 0.531863, -0.312913, 0.73485)
bones/3/scale = Vector3(0.999294, 0.98938, 0.986004)
bones/4/position = Vector3(0.00172389, 0.12762, -0.00308567)
bones/4/rotation = Quaternion(0.10398, 0.943059, 0.314929, -0.0254673)
bones/4/scale = Vector3(1.00017, 0.987546, 1.01213)
bones/5/position = Vector3(-0.1019, -0.0260434, 0.00487682)
bones/5/rotation = Quaternion(-0.994145, 0.0383574, 0.0135457, -0.100101)
bones/5/scale = Vector3(0.999998, 1.00874, 1)
bones/6/rotation = Quaternion(-3.13511e-06, -2.11111e-05, -0.00260436, 0.999997)
bones/6/scale = Vector3(1, 1, 1)
bones/7/rotation = Quaternion(0.126697, -0.842527, 0.368146, 0.372244)
bones/7/scale = Vector3(0.999926, 0.995859, 0.995603)
bones/8/position = Vector3(-0.000897439, 0.127663, -0.000801951)
bones/8/rotation = Quaternion(-0.0582635, 0.946245, 0.318055, 0.00824237)
bones/8/scale = Vector3(1.00002, 0.995838, 1.00414)
bones/9/rotation = Quaternion(-0.121236, -0.147591, 0.0121751, 0.981514)
bones/10/rotation = Quaternion(-0.070558, 0.00329318, 0.000232977, 0.997502)
bones/11/rotation = Quaternion(0.313699, 0.00638642, 0.00211006, 0.949499)
bones/12/rotation = Quaternion(-0.168872, -0.00666191, -0.00113366, 0.985615)
bones/13/rotation = Quaternion(-0.467277, 0.609854, -0.507863, -0.389622)
bones/14/rotation = Quaternion(0.428369, 0.52198, 0.368373, 0.639014)
bones/15/rotation = Quaternion(0.31447, 0.12736, 0.235121, 0.910827)
bones/15/scale = Vector3(1, 0.999753, 1)
bones/16/rotation = Quaternion(0.0597021, 0.282937, -0.0126085, 0.957195)
bones/16/scale = Vector3(0.999999, 1.00024, 1)
bones/17/position = Vector3(-0.0491647, 0.0500858, -0.00461841)
bones/17/rotation = Quaternion(0.0464715, -0.786923, 0.317009, 0.527351)
bones/17/scale = Vector3(1.00001, 0.999984, 1)
bones/18/position = Vector3(3.18658e-07, 0.0210911, 8.98253e-07)
bones/18/rotation = Quaternion(-0.0242227, -0.306659, 0.062599, 0.94945)
bones/18/scale = Vector3(0.99999, 0.999995, 1.00001)
bones/19/rotation = Quaternion(-0.00920766, 0.438728, 0.00859603, 0.898531)
bones/19/scale = Vector3(1.00001, 1, 0.99999)
bones/20/position = Vector3(0.0245621, 0.0860409, -0.00147571)
bones/20/rotation = Quaternion(-0.713077, 0.123774, -0.0283932, 0.689489)
bones/20/scale = Vector3(1, 1, 0.999995)
bones/21/rotation = Quaternion(-0.585516, -0.0205637, 0.00933548, 0.810346)
bones/21/scale = Vector3(1, 1.00002, 0.999984)
bones/22/rotation = Quaternion(-0.587469, -0.00381372, -0.0098487, 0.809178)
bones/22/scale = Vector3(0.999999, 0.999987, 1.00001)
bones/23/position = Vector3(-0.00260187, 0.0868646, 0.000382261)
bones/23/rotation = Quaternion(-0.450183, 0.161463, -0.036357, 0.877464)
bones/23/scale = Vector3(1, 0.999975, 1.00002)
bones/24/rotation = Quaternion(-0.645709, -0.00769549, -0.0194427, 0.763297)
bones/24/scale = Vector3(0.999998, 1, 0.999997)
bones/25/rotation = Quaternion(-0.639765, -0.0177412, -0.0200558, 0.768104)
bones/26/position = Vector3(-0.0322426, 0.0834218, -0.00188265)
bones/26/rotation = Quaternion(-0.425604, 0.144516, -0.0385403, 0.892464)
bones/26/scale = Vector3(1, 0.999974, 1.00002)
bones/27/rotation = Quaternion(-0.583526, 0.00192994, -0.0536856, 0.810315)
bones/28/rotation = Quaternion(-0.59928, 0.00781395, -0.0296317, 0.799953)
bones/28/scale = Vector3(0.999998, 1, 0.999995)
bones/29/rotation = Quaternion(0.467313, 0.609924, -0.507692, 0.389692)
bones/30/rotation = Quaternion(-0.430093, 0.521305, 0.369316, -0.637861)
bones/31/rotation = Quaternion(0.314453, -0.127393, -0.235206, 0.910807)
bones/31/scale = Vector3(1, 0.999931, 1)
bones/32/rotation = Quaternion(0.0597439, -0.282775, 0.0129691, 0.957236)
bones/32/scale = Vector3(0.999999, 1.00007, 1)
bones/33/rotation = Quaternion(0.0467024, 0.787035, -0.316929, 0.52721)
bones/33/scale = Vector3(1, 0.999996, 1)
bones/34/rotation = Quaternion(-0.0241584, 0.306849, -0.0624177, 0.949402)
bones/35/rotation = Quaternion(-0.00919834, -0.43853, -0.00836336, 0.89863)
bones/35/scale = Vector3(1, 0.999999, 0.999996)
bones/36/position = Vector3(-0.0246053, 0.0860426, -0.00150679)
bones/36/rotation = Quaternion(-0.713034, -0.123602, 0.0292093, 0.68953)
bones/36/scale = Vector3(1, 1, 0.999998)
bones/37/rotation = Quaternion(-0.585552, 0.0207878, -0.00922101, 0.810316)
bones/38/rotation = Quaternion(-0.587466, 0.00385744, 0.0101548, 0.809176)
bones/39/position = Vector3(0.00255963, 0.0868696, 0.000348726)
bones/39/rotation = Quaternion(-0.450105, -0.161248, 0.0368462, 0.877523)
bones/39/scale = Vector3(1, 0.999993, 1.00001)
bones/40/rotation = Quaternion(-0.645695, 0.0076819, 0.0197524, 0.763301)
bones/41/rotation = Quaternion(-0.639763, 0.0177706, 0.0203456, 0.768098)
bones/42/position = Vector3(0.0322043, 0.0834296, -0.0019183)
bones/42/rotation = Quaternion(-0.425481, -0.144288, 0.0390209, 0.892538)
bones/42/scale = Vector3(1, 0.999993, 1.00001)
bones/43/rotation = Quaternion(-0.583502, -0.00190789, 0.0540064, 0.810312)
bones/44/rotation = Quaternion(-0.599266, -0.00776501, 0.0298963, 0.799954)

[node name="PhysicalBoneSimulator3D" type="PhysicalBoneSimulator3D" parent="body/root/Skeleton3D" index="1"]

[node name="Physical Bone pelvis" type="PhysicalBone3D" parent="body/root/Skeleton3D/PhysicalBoneSimulator3D"]
transform = Transform3D(0.217315, 0.30433, -0.927447, 0.479579, 0.794274, 0.373004, 0.850163, -0.525843, 0.0266573, 0.0460658, 0.946775, 0.212884)
joint_offset = Transform3D(1, 0, 0, 0, 1, 0, 0, 0, 1, -0.119229, -0.0249978, 0.0447976)
body_offset = Transform3D(0.105664, 0.342189, -0.933671, 0.532898, 0.773234, 0.343698, 0.839556, -0.533868, -0.100649, 0.0629784, 0.0674692, 0.0912627)
bone_name = "pelvis"

[node name="CollisionShape3D" type="CollisionShape3D" parent="body/root/Skeleton3D/PhysicalBoneSimulator3D/Physical Bone pelvis"]
transform = Transform3D(1, 0, 0, 0, 0, 1, 0, -1, 0, 0, 0, 0)
shape = SubResource("CapsuleShape3D_wyle2")

[node name="Physical Bone thigh_l" type="PhysicalBone3D" parent="body/root/Skeleton3D/PhysicalBoneSimulator3D"]
transform = Transform3D(0.00995294, 0.997757, -0.0661965, 0.625199, 0.0454557, 0.77914, 0.780401, -0.0491407, -0.623344, 0.107778, 0.77546, 0.33283)
joint_type = 1
joint_offset = Transform3D(1, 0, 0, 0, 1, 0, 0, 0, 1, -0.117092, -0.0214536, 0.200602)
body_offset = Transform3D(0.632265, 0.0978737, -0.768549, -0.649616, -0.0702844, -0.543373, -0.126143, 0.991762, 0.0225246, 0.230306, 0.0314294, 0.00198809)
bone_name = "thigh.l"
joint_constraints/bias = 0.3
joint_constraints/damping = 1.0
joint_constraints/impulse_clamp = 0.0

[node name="CollisionShape3D" type="CollisionShape3D" parent="body/root/Skeleton3D/PhysicalBoneSimulator3D/Physical Bone thigh_l"]
transform = Transform3D(1, 0, 0, 0, 0, 1, 0, -1, 0, 0, 0, 0)
shape = SubResource("CapsuleShape3D_chlse")

[node name="Physical Bone calf_l" type="PhysicalBone3D" parent="body/root/Skeleton3D/PhysicalBoneSimulator3D"]
transform = Transform3D(0.0145904, 0.997757, -0.0653312, 0.568771, 0.0454558, 0.821238, 0.822366, -0.0491407, -0.566832, 0.134644, 0.448056, 0.575468)
joint_type = 1
joint_offset = Transform3D(1, 0, 0, 0, 1, 0, 0, 0, 1, -0.473364, -0.0593454, 0.283138)
body_offset = Transform3D(0.68207, 0.0969502, -0.724831, -0.612814, -0.0713593, -0.584431, -0.127391, 0.991775, 0.012781, 0.533848, -0.128844, -0.00506366)
bone_name = "calf.l"
joint_constraints/bias = 0.3
joint_constraints/damping = 1.0
joint_constraints/impulse_clamp = 0.0

[node name="CollisionShape3D" type="CollisionShape3D" parent="body/root/Skeleton3D/PhysicalBoneSimulator3D/Physical Bone calf_l"]
transform = Transform3D(1, 0, 0, 0, 0, 1, 0, -1, 0, 0, 0, 0)
shape = SubResource("CapsuleShape3D_jgyu2")

[node name="Physical Bone foot_l" type="PhysicalBone3D" parent="body/root/Skeleton3D/PhysicalBoneSimulator3D"]
transform = Transform3D(-0.922088, 0.261641, -0.285129, 0.241586, 0.964786, 0.104036, 0.302309, 0.0270474, -0.952826, 0.166824, 0.265694, 0.757577)
joint_type = 1
joint_offset = Transform3D(1, 0, 0, 0, 1, 0, 0, 0, 1, -0.204611, -0.397155, 0.793316)
body_offset = Transform3D(0.825049, -0.167238, -0.538882, -0.504433, -0.587556, -0.634234, -0.30182, 0.673769, -0.626772, 0.529898, 0.166584, 0.703063)
bone_name = "foot.l"
joint_constraints/bias = 0.3
joint_constraints/damping = 1.0
joint_constraints/impulse_clamp = 0.0

[node name="CollisionShape3D" type="CollisionShape3D" parent="body/root/Skeleton3D/PhysicalBoneSimulator3D/Physical Bone foot_l"]
transform = Transform3D(1, 0, 0, 0, 0, 1, 0, -1, 0, 0, 0, 0)
shape = SubResource("CapsuleShape3D_qj38f")

[node name="Physical Bone thigh_r" type="PhysicalBone3D" parent="body/root/Skeleton3D/PhysicalBoneSimulator3D"]
transform = Transform3D(-0.511514, -0.853114, 0.102718, -0.527468, 0.40611, 0.746225, -0.678329, 0.327524, -0.657721, -0.121282, 0.820092, 0.379448)
joint_type = 1
joint_offset = Transform3D(1, 0, 0, 0, 1, 0, 0, 0, 1, 0.143946, -0.0529177, 0.187781)
body_offset = Transform3D(0.45603, -0.567105, 0.685883, 0.609852, -0.301239, -0.654551, 0.612098, 0.759312, 0.220845, -0.22445, 0.019186, -0.0893986)
bone_name = "thigh.r"
joint_constraints/bias = 0.3
joint_constraints/damping = 1.0
joint_constraints/impulse_clamp = 0.0

[node name="CollisionShape3D" type="CollisionShape3D" parent="body/root/Skeleton3D/PhysicalBoneSimulator3D/Physical Bone thigh_r"]
transform = Transform3D(1, 0, 0, 0, 0, 1, 0, -1, 0, 0, 0, 0)
shape = SubResource("CapsuleShape3D_nplmh")

[node name="Physical Bone calf_r" type="PhysicalBone3D" parent="body/root/Skeleton3D/PhysicalBoneSimulator3D"]
transform = Transform3D(-0.50301, -0.853113, 0.13849, -0.473601, 0.406111, 0.781521, -0.722968, 0.327523, -0.608313, -0.170911, 0.507597, 0.637652)
joint_type = 1
joint_offset = Transform3D(1, 0, 0, 0, 1, 0, 0, 0, 1, 0.416187, -0.18454, 0.281286)
body_offset = Transform3D(0.500517, -0.565415, 0.655587, 0.564644, -0.304218, -0.692627, 0.626121, 0.759385, 0.176915, -0.497058, -0.0963114, -0.170211)
bone_name = "calf.r"
joint_constraints/bias = 0.3
joint_constraints/damping = 1.0
joint_constraints/impulse_clamp = 0.0

[node name="CollisionShape3D" type="CollisionShape3D" parent="body/root/Skeleton3D/PhysicalBoneSimulator3D/Physical Bone calf_r"]
transform = Transform3D(1, 0, 0, 0, 0, 1, 0, -1, 0, 0, 0, 0)
shape = SubResource("CapsuleShape3D_qy0a4")

[node name="Physical Bone foot_r" type="PhysicalBone3D" parent="body/root/Skeleton3D/PhysicalBoneSimulator3D"]
transform = Transform3D(-0.987678, 0.135361, -0.07855, 0.130523, 0.989391, 0.0637844, 0.0863506, 0.0527458, -0.994867, -0.195531, 0.336304, 0.831317)
joint_type = 1
joint_offset = Transform3D(1, 0, 0, 0, 1, 0, 0, 0, 1, -0.0634761, -0.371899, 0.746146)
body_offset = Transform3D(0.874005, 0.161413, 0.463733, 0.230896, -0.962207, -0.0615683, 0.439607, 0.140913, -0.88462, -0.230505, -0.297248, 0.740365)
bone_name = "foot.r"
joint_constraints/bias = 0.3
joint_constraints/damping = 1.0
joint_constraints/impulse_clamp = 0.0

[node name="CollisionShape3D" type="CollisionShape3D" parent="body/root/Skeleton3D/PhysicalBoneSimulator3D/Physical Bone foot_r"]
transform = Transform3D(1, 0, 0, 0, 0, 1, 0, -1, 0, 0, 0, 0)
shape = SubResource("CapsuleShape3D_0bf6v")

[node name="Physical Bone spine_01" type="PhysicalBone3D" parent="body/root/Skeleton3D/PhysicalBoneSimulator3D"]
transform = Transform3D(0.964294, 0.264834, 0.000431761, -0.183149, 0.668043, -0.721231, -0.191295, 0.695399, 0.692694, 0.00509537, 1.13693, 0.0896254)
joint_type = 1
joint_offset = Transform3D(1, 0, 0, 0, 1, 0, 0, 0, 1, -0.0134614, -0.0652152, 0.123726)
body_offset = Transform3D(0.912592, 0.393447, 0.111246, -0.292694, 0.81862, -0.494156, -0.285492, 0.418401, 0.862226, 0.0241795, 0.110586, -0.0832366)
bone_name = "spine_01"
joint_constraints/bias = 0.3
joint_constraints/damping = 1.0
joint_constraints/impulse_clamp = 0.0

[node name="CollisionShape3D" type="CollisionShape3D" parent="body/root/Skeleton3D/PhysicalBoneSimulator3D/Physical Bone spine_01"]
transform = Transform3D(1, 0, 0, 0, 0, 1, 0, -1, 0, 0, 0, 0)
shape = SubResource("CapsuleShape3D_vtirf")

[node name="Physical Bone spine_02" type="PhysicalBone3D" parent="body/root/Skeleton3D/PhysicalBoneSimulator3D"]
transform = Transform3D(0.962524, 0.268457, 0.0384399, -0.187556, 0.76133, -0.620644, -0.195882, 0.590175, 0.783149, 0.000327945, 1.28002, -0.0708194)
joint_type = 1
joint_offset = Transform3D(1, 0, 0, 0, 1, 0, 0, 0, 1, -0.0682136, 0.0675359, 0.258616)
body_offset = Transform3D(0.93993, 0.325559, 0.102673, -0.266332, 0.887516, -0.376007, -0.213537, 0.326076, 0.92091, 0.0155762, 0.0191348, -0.27475)
bone_name = "spine_02"
joint_constraints/bias = 0.3
joint_constraints/damping = 1.0
joint_constraints/impulse_clamp = 0.0

[node name="CollisionShape3D" type="CollisionShape3D" parent="body/root/Skeleton3D/PhysicalBoneSimulator3D/Physical Bone spine_02"]
transform = Transform3D(1, 0, 0, 0, 0, 1, 0, -1, 0, 0, 0, 0)
shape = SubResource("CapsuleShape3D_0tvny")

[node name="Physical Bone neck_01" type="PhysicalBone3D" parent="body/root/Skeleton3D/PhysicalBoneSimulator3D"]
transform = Transform3D(0.958939, 0.272961, -0.0769919, -0.193366, 0.430662, -0.881555, -0.207472, 0.860245, 0.46576, -0.0012055, 1.39294, -0.186477)
joint_type = 1
joint_offset = Transform3D(1, 0, 0, 0, 1, 0, 0, 0, 1, -0.138837, 0.37855, 0.185092)
body_offset = Transform3D(0.935423, 0.349124, -0.0556383, -0.353512, 0.922146, -0.157082, -0.00353451, 0.166607, 0.986017, 0.0080093, -0.369084, -0.246064)
bone_name = "neck_01"
joint_constraints/bias = 0.3
joint_constraints/damping = 1.0
joint_constraints/impulse_clamp = 0.0

[node name="CollisionShape3D" type="CollisionShape3D" parent="body/root/Skeleton3D/PhysicalBoneSimulator3D/Physical Bone neck_01"]
transform = Transform3D(1, 0, 0, 0, 0, 1, 0, -1, 0, 0, 0, 0)
shape = SubResource("CapsuleShape3D_0p2ol")

[node name="Physical Bone clavicle_r" type="PhysicalBone3D" parent="body/root/Skeleton3D/PhysicalBoneSimulator3D"]
transform = Transform3D(0.0118682, -0.0112052, 0.999867, 0.663546, -0.747958, -0.0162583, 0.748041, 0.663651, -0.00144177, -0.104801, 1.34441, -0.0925529)
joint_type = 1
joint_offset = Transform3D(1, 0, 0, 0, 1, 0, 0, 0, 1, 0.26447, 0.227303, 0.0155524)
body_offset = Transform3D(0.395637, 0.768089, -0.503498, 0.118946, -0.586465, -0.801193, -0.910671, 0.257092, -0.323389, -0.271392, 0.114308, 0.187437)
bone_name = "clavicle.r"
joint_constraints/bias = 0.3
joint_constraints/damping = 1.0
joint_constraints/impulse_clamp = 0.0

[node name="CollisionShape3D" type="CollisionShape3D" parent="body/root/Skeleton3D/PhysicalBoneSimulator3D/Physical Bone clavicle_r"]
transform = Transform3D(1, 0, 0, 0, 0, 1, 0, -1, 0, 0, 0, 0)
shape = SubResource("CapsuleShape3D_ef4c8")

[node name="Physical Bone upperarm_r" type="PhysicalBone3D" parent="body/root/Skeleton3D/PhysicalBoneSimulator3D"]
transform = Transform3D(-0.180349, 0.22848, 0.956698, 0.198978, 0.961011, -0.192, -0.963266, 0.155735, -0.21878, -0.297833, 1.37066, -0.0637934)
joint_type = 1
joint_offset = Transform3D(1, 0, 0, 0, 1, 0, 0, 0, 1, -0.277363, 0.115622, 0.0264556)
body_offset = Transform3D(0.278031, -0.306807, -0.910257, -0.56242, 0.71621, -0.41319, 0.778705, 0.626827, 0.0265742, 0.13667, -0.227872, 0.142806)
bone_name = "upperarm.r"
joint_constraints/bias = 0.3
joint_constraints/damping = 1.0
joint_constraints/impulse_clamp = 0.0

[node name="CollisionShape3D" type="CollisionShape3D" parent="body/root/Skeleton3D/PhysicalBoneSimulator3D/Physical Bone upperarm_r"]
transform = Transform3D(1, 0, 0, 0, 0, 1, 0, -1, 0, 0, 0, 0)
shape = SubResource("CapsuleShape3D_xhqnr")

[node name="Physical Bone lowerarm_r" type="PhysicalBone3D" parent="body/root/Skeleton3D/PhysicalBoneSimulator3D"]
transform = Transform3D(-0.163703, 0.228477, 0.959687, 0.195614, 0.961012, -0.195424, -0.966921, 0.155737, -0.202014, -0.522633, 1.41607, -0.0142017)
joint_type = 1
joint_offset = Transform3D(1, 0, 0, 0, 1, 0, 0, 0, 1, -0.423796, 0.303253, 0.160228)
body_offset = Transform3D(0.228944, -0.294846, -0.927712, -0.534057, 0.75877, -0.37295, 0.813867, 0.580824, 0.0162507, 0.335084, -0.396674, 0.166173)
bone_name = "lowerarm.r"
joint_constraints/bias = 0.3
joint_constraints/damping = 1.0
joint_constraints/impulse_clamp = 0.0

[node name="CollisionShape3D" type="CollisionShape3D" parent="body/root/Skeleton3D/PhysicalBoneSimulator3D/Physical Bone lowerarm_r"]
transform = Transform3D(1, 0, 0, 0, 0, 1, 0, -1, 0, 0, 0, 0)
shape = SubResource("CapsuleShape3D_m07ou")

[node name="Physical Bone hand_r" type="PhysicalBone3D" parent="body/root/Skeleton3D/PhysicalBoneSimulator3D"]
transform = Transform3D(-0.0723306, -0.856644, 0.510813, -0.80526, -0.252034, -0.536689, 0.588493, -0.450156, -0.671591, -0.640075, 1.4552, 0.0303597)
joint_type = 1
joint_offset = Transform3D(1, 0, 0, 0, 1, 0, 0, 0, 1, 0.0544379, -0.642462, -0.306737)
body_offset = Transform3D(0.577613, 0.656413, -0.48527, -0.342688, -0.344556, -0.873981, -0.740895, 0.671123, 0.0259319, 0.241427, -0.470792, 0.479459)
bone_name = "hand.r"
joint_constraints/bias = 0.3
joint_constraints/damping = 1.0
joint_constraints/impulse_clamp = 0.0

[node name="CollisionShape3D" type="CollisionShape3D" parent="body/root/Skeleton3D/PhysicalBoneSimulator3D/Physical Bone hand_r"]
transform = Transform3D(1, 0, 0, 0, 0, 1, 0, -1, 0, 0, 0, 0)
shape = SubResource("CapsuleShape3D_bst7d")

[node name="Physical Bone thumb_01_r" type="PhysicalBone3D" parent="body/root/Skeleton3D/PhysicalBoneSimulator3D"]
transform = Transform3D(-0.0180556, 0.998812, 0.0452556, 0.875933, 0.0376264, -0.480963, -0.482095, 0.0309568, -0.875572, -0.658516, 1.47914, 0.0632034)
joint_type = 1
joint_offset = Transform3D(1, 0, 0, 0, 1, 0, 0, 0, 1, 0.0250266, 0.473152, -0.575901)
body_offset = Transform3D(0.978162, -0.0579488, 0.199589, 0.182083, 0.701903, -0.688608, -0.100182, 0.709914, 0.69713, 0.117882, -0.733235, 0.0680883)
bone_name = "thumb_01.r"
joint_constraints/bias = 0.3
joint_constraints/damping = 1.0
joint_constraints/impulse_clamp = 0.0

[node name="CollisionShape3D" type="CollisionShape3D" parent="body/root/Skeleton3D/PhysicalBoneSimulator3D/Physical Bone thumb_01_r"]
transform = Transform3D(1, 0, 0, 0, 0, 1, 0, -1, 0, 0, 0, 0)
shape = SubResource("CapsuleShape3D_iyioi")

[node name="Physical Bone thumb_02_r" type="PhysicalBone3D" parent="body/root/Skeleton3D/PhysicalBoneSimulator3D"]
transform = Transform3D(0.558198, 0.819879, 0.127329, 0.790283, -0.478634, -0.382571, -0.252718, 0.314176, -0.91511, -0.660717, 1.48939, 0.0848106)
joint_type = 1
joint_offset = Transform3D(1, 0, 0, 0, 1, 0, 0, 0, 1, 0.383403, 0.383157, -0.516939)
body_offset = Transform3D(0.887942, -0.00837032, 0.459884, 0.444699, 0.270998, -0.853705, -0.117473, 0.962541, 0.24435, -0.0995009, -0.715647, -0.197451)
bone_name = "thumb_02.r"
joint_constraints/bias = 0.3
joint_constraints/damping = 1.0
joint_constraints/impulse_clamp = 0.0

[node name="CollisionShape3D" type="CollisionShape3D" parent="body/root/Skeleton3D/PhysicalBoneSimulator3D/Physical Bone thumb_02_r"]
transform = Transform3D(1, 0, 0, 0, 0, 1, 0, -1, 0, 0, 0, 0)
shape = SubResource("CapsuleShape3D_yqu64")

[node name="Physical Bone ring_01_r" type="PhysicalBone3D" parent="body/root/Skeleton3D/PhysicalBoneSimulator3D"]
transform = Transform3D(-0.207681, 0.00894127, 0.978156, -0.633641, 0.760579, -0.141486, -0.74523, -0.649183, -0.152292, -0.722357, 1.43893, 0.00537246)
joint_type = 1
joint_offset = Transform3D(1, 0, 0, 0, 1, 0, 0, 0, 1, -0.774077, -0.116963, 0.287521)
body_offset = Transform3D(0.160801, -0.727369, -0.667142, -0.952454, 0.0628751, -0.29813, 0.258804, 0.683359, -0.682672, 0.231215, -0.644199, 0.476544)
bone_name = "ring_01.r"
joint_constraints/bias = 0.3
joint_constraints/damping = 1.0
joint_constraints/impulse_clamp = 0.0

[node name="CollisionShape3D" type="CollisionShape3D" parent="body/root/Skeleton3D/PhysicalBoneSimulator3D/Physical Bone ring_01_r"]
transform = Transform3D(1, 0, 0, 0, 0, 1, 0, -1, 0, 0, 0, 0)
shape = SubResource("CapsuleShape3D_flo8u")

[node name="Physical Bone ring_02_r" type="PhysicalBone3D" parent="body/root/Skeleton3D/PhysicalBoneSimulator3D"]
transform = Transform3D(-0.260018, 0.0309648, 0.965107, -0.628197, 0.753627, -0.193428, -0.73332, -0.656572, -0.176504, -0.748399, 1.44355, 0.00983682)
joint_type = 1
joint_offset = Transform3D(1, 0, 0, 0, 1, 0, 0, 0, 1, -0.809182, -0.112883, 0.267361)
body_offset = Transform3D(0.155282, -0.738458, -0.656178, -0.987843, -0.12135, -0.0972107, -0.00783569, 0.663289, -0.748319, 0.217728, -0.787053, 0.268605)
bone_name = "ring_02.r"
joint_constraints/bias = 0.3
joint_constraints/damping = 1.0
joint_constraints/impulse_clamp = 0.0

[node name="CollisionShape3D" type="CollisionShape3D" parent="body/root/Skeleton3D/PhysicalBoneSimulator3D/Physical Bone ring_02_r"]
transform = Transform3D(1, 0, 0, 0, 0, 1, 0, -1, 0, 0, 0, 0)
shape = SubResource("CapsuleShape3D_8r5st")

[node name="Physical Bone middle_01_r" type="PhysicalBone3D" parent="body/root/Skeleton3D/PhysicalBoneSimulator3D"]
transform = Transform3D(-0.257511, 0.0163391, 0.966137, -0.62682, 0.758113, -0.179892, -0.73538, -0.651918, -0.184981, -0.718794, 1.45855, 0.0250958)
joint_type = 1
joint_offset = Transform3D(1, 0, 0, 0, 1, 0, 0, 0, 1, -0.764671, -0.102065, 0.273507)
body_offset = Transform3D(0.160232, -0.631357, -0.75876, -0.901418, 0.219622, -0.373109, 0.402212, 0.743744, -0.533924, 0.265612, -0.564825, 0.529503)
bone_name = "middle_01.r"
joint_constraints/bias = 0.3
joint_constraints/damping = 1.0
joint_constraints/impulse_clamp = 0.0

[node name="CollisionShape3D" type="CollisionShape3D" parent="body/root/Skeleton3D/PhysicalBoneSimulator3D/Physical Bone middle_01_r"]
transform = Transform3D(1, 0, 0, 0, 0, 1, 0, -1, 0, 0, 0, 0)
shape = SubResource("CapsuleShape3D_enkc5")

[node name="Physical Bone middle_02_r" type="PhysicalBone3D" parent="body/root/Skeleton3D/PhysicalBoneSimulator3D"]
transform = Transform3D(-0.249498, 0.00810099, 0.968341, -0.635943, 0.752744, -0.170151, -0.730292, -0.658263, -0.182656, -0.745407, 1.46337, 0.0301558)
joint_type = 1
joint_offset = Transform3D(1, 0, 0, 0, 1, 0, 0, 0, 1, -0.786513, -0.105543, 0.296624)
body_offset = Transform3D(0.169233, -0.632753, -0.755638, -0.956224, 0.080304, -0.281407, 0.238749, 0.770179, -0.59146, 0.290461, -0.660135, 0.444508)
bone_name = "middle_02.r"
joint_constraints/bias = 0.3
joint_constraints/damping = 1.0
joint_constraints/impulse_clamp = 0.0

[node name="CollisionShape3D" type="CollisionShape3D" parent="body/root/Skeleton3D/PhysicalBoneSimulator3D/Physical Bone middle_02_r"]
transform = Transform3D(1, 0, 0, 0, 0, 1, 0, -1, 0, 0, 0, 0)
shape = SubResource("CapsuleShape3D_dhvv6")

[node name="Physical Bone index_01_r" type="PhysicalBone3D" parent="body/root/Skeleton3D/PhysicalBoneSimulator3D"]
transform = Transform3D(-0.277074, 0.0210535, 0.960618, -0.620544, 0.759377, -0.195629, -0.73359, -0.650309, -0.197339, -0.709177, 1.4753, 0.0481995)
joint_type = 1
joint_offset = Transform3D(1, 0, 0, 0, 1, 0, 0, 0, 1, -0.744131, -0.0831752, 0.283448)
body_offset = Transform3D(-0.0692804, -0.283222, -0.956551, -0.83145, 0.546237, -0.101514, 0.551264, 0.788296, -0.273327, 0.196021, -0.5445, 0.553253)
bone_name = "index_01.r"
joint_constraints/bias = 0.3
joint_constraints/damping = 1.0
joint_constraints/impulse_clamp = 0.0

[node name="CollisionShape3D" type="CollisionShape3D" parent="body/root/Skeleton3D/PhysicalBoneSimulator3D/Physical Bone index_01_r"]
transform = Transform3D(1, 0, 0, 0, 0, 1, 0, -1, 0, 0, 0, 0)
shape = SubResource("CapsuleShape3D_l02qr")

[node name="Physical Bone index_02_r" type="PhysicalBone3D" parent="body/root/Skeleton3D/PhysicalBoneSimulator3D"]
transform = Transform3D(-0.2647, 0.0454382, 0.96326, -0.628401, 0.749554, -0.20804, -0.731468, -0.660381, -0.169854, -0.73872, 1.4815, 0.0538337)
joint_type = 1
joint_offset = Transform3D(1, 0, 0, 0, 1, 0, 0, 0, 1, -0.765246, -0.0634865, 0.322872)
body_offset = Transform3D(-0.062616, -0.326968, -0.942961, -0.890627, 0.444678, -0.09505, 0.450403, 0.833879, -0.319049, 0.235782, -0.622629, 0.500621)
bone_name = "index_02.r"
joint_constraints/bias = 0.3
joint_constraints/damping = 1.0
joint_constraints/impulse_clamp = 0.0

[node name="CollisionShape3D" type="CollisionShape3D" parent="body/root/Skeleton3D/PhysicalBoneSimulator3D/Physical Bone index_02_r"]
transform = Transform3D(1, 0, 0, 0, 0, 1, 0, -1, 0, 0, 0, 0)
shape = SubResource("CapsuleShape3D_ow7l3")

[node name="Physical Bone clavicle_l" type="PhysicalBone3D" parent="body/root/Skeleton3D/PhysicalBoneSimulator3D"]
transform = Transform3D(-0.511527, -0.0102473, -0.859206, -0.566183, -0.748145, 0.345999, -0.646356, 0.663456, 0.376894, 0.105047, 1.30352, -0.135256)
joint_type = 1
joint_offset = Transform3D(1, 0, 0, 0, 1, 0, 0, 0, 1, -0.22979, 0.23085, 0.258405)
body_offset = Transform3D(0.534223, -0.831711, 0.151199, -0.42251, -0.417622, -0.804411, 0.732182, 0.365851, -0.574509, 0.275689, 0.207184, 0.232247)
bone_name = "clavicle.l"
joint_constraints/bias = 0.3
joint_constraints/damping = 1.0
joint_constraints/impulse_clamp = 0.0

[node name="CollisionShape3D" type="CollisionShape3D" parent="body/root/Skeleton3D/PhysicalBoneSimulator3D/Physical Bone clavicle_l"]
transform = Transform3D(1, 0, 0, 0, 0, 1, 0, -1, 0, 0, 0, 0)
shape = SubResource("CapsuleShape3D_benqy")

[node name="Physical Bone upperarm_l" type="PhysicalBone3D" parent="body/root/Skeleton3D/PhysicalBoneSimulator3D"]
transform = Transform3D(0.137566, 0.210829, -0.967795, -0.190642, 0.964451, 0.183002, 0.971972, 0.159327, 0.172869, 0.290007, 1.25611, -0.183427)
joint_type = 1
joint_offset = Transform3D(1, 0, 0, 0, 1, 0, 0, 0, 1, 0.3461, 0.155701, 0.257052)
body_offset = Transform3D(0.0822006, -0.482365, 0.872105, 0.551345, 0.750973, 0.363399, -0.830218, 0.450959, 0.32768, -0.177521, -0.40116, 0.132892)
bone_name = "upperarm.l"
joint_constraints/bias = 0.3
joint_constraints/damping = 1.0
joint_constraints/impulse_clamp = 0.0

[node name="CollisionShape3D" type="CollisionShape3D" parent="body/root/Skeleton3D/PhysicalBoneSimulator3D/Physical Bone upperarm_l"]
transform = Transform3D(1, 0, 0, 0, 0, 1, 0, -1, 0, 0, 0, 0)
shape = SubResource("CapsuleShape3D_w1n6n")

[node name="Physical Bone lowerarm_l" type="PhysicalBone3D" parent="body/root/Skeleton3D/PhysicalBoneSimulator3D"]
transform = Transform3D(0.154357, 0.21083, -0.965259, -0.193793, 0.96445, 0.179664, 0.968823, 0.159328, 0.189727, 0.516841, 1.21352, -0.225745)
joint_type = 1
joint_offset = Transform3D(1, 0, 0, 0, 1, 0, 0, 0, 1, 0.48208, 0.35244, 0.595358)
body_offset = Transform3D(0.0334336, -0.498522, 0.866232, 0.500288, 0.758665, 0.417308, -0.865214, 0.419412, 0.274769, -0.356137, -0.757011, 0.105699)
bone_name = "lowerarm.l"
joint_constraints/bias = 0.3
joint_constraints/damping = 1.0
joint_constraints/impulse_clamp = 0.0

[node name="CollisionShape3D" type="CollisionShape3D" parent="body/root/Skeleton3D/PhysicalBoneSimulator3D/Physical Bone lowerarm_l"]
transform = Transform3D(1, 0, 0, 0, 0, 1, 0, -1, 0, 0, 0, 0)
shape = SubResource("CapsuleShape3D_eypg3")

[node name="Physical Bone hand_l" type="PhysicalBone3D" parent="body/root/Skeleton3D/PhysicalBoneSimulator3D"]
transform = Transform3D(0.00713995, 0.469894, -0.882694, 0.817965, -0.510516, -0.265152, -0.575223, -0.72012, -0.388002, 0.647933, 1.20422, -0.231761)
joint_type = 1
joint_offset = Transform3D(1, 0, 0, 0, 1, 0, 0, 0, 1, -0.0381994, -1.10287, 0.0825697)
body_offset = Transform3D(0.354774, -0.170798, 0.919219, 0.464263, -0.821211, -0.33177, 0.811538, 0.544465, -0.212048, -0.250715, -0.860561, 0.648985)
bone_name = "hand.l"
joint_constraints/bias = 0.3
joint_constraints/damping = 1.0
joint_constraints/impulse_clamp = 0.0

[node name="CollisionShape3D" type="CollisionShape3D" parent="body/root/Skeleton3D/PhysicalBoneSimulator3D/Physical Bone hand_l"]
transform = Transform3D(1, 0, 0, 0, 0, 1, 0, -1, 0, 0, 0, 0)
shape = SubResource("CapsuleShape3D_kuqhj")

[node name="Physical Bone thumb_01_l" type="PhysicalBone3D" parent="body/root/Skeleton3D/PhysicalBoneSimulator3D"]
transform = Transform3D(-0.149887, -0.826636, -0.542409, -0.843225, 0.393328, -0.366421, 0.516241, 0.402451, -0.755994, 0.684687, 1.21741, -0.210149)
joint_type = 1
joint_offset = Transform3D(1, 0, 0, 0, 1, 0, 0, 0, 1, 0.0377115, 1.08423, -0.412043)
body_offset = Transform3D(0.944052, -0.0318069, -0.328258, 0.0122702, 0.998038, -0.0614234, 0.329565, 0.0539594, 0.942589, -0.136372, -1.10788, 0.317454)
bone_name = "thumb_01.l"
joint_constraints/bias = 0.3
joint_constraints/damping = 1.0
joint_constraints/impulse_clamp = 0.0

[node name="CollisionShape3D" type="CollisionShape3D" parent="body/root/Skeleton3D/PhysicalBoneSimulator3D/Physical Bone thumb_01_l"]
transform = Transform3D(1, 0, 0, 0, 0, 1, 0, -1, 0, 0, 0, 0)
shape = SubResource("CapsuleShape3D_jjio8")

[node name="Physical Bone thumb_02_l" type="PhysicalBone3D" parent="body/root/Skeleton3D/PhysicalBoneSimulator3D"]
transform = Transform3D(0.286048, -0.753615, -0.591811, -0.954794, -0.172024, -0.242437, 0.0808987, 0.634406, -0.768754, 0.698418, 1.22455, -0.19178)
joint_type = 1
joint_offset = Transform3D(1, 0, 0, 0, 1, 0, 0, 0, 1, -0.66372, 0.921346, -0.296222)
body_offset = Transform3D(0.547128, 0.0531562, -0.83536, -0.59332, 0.728592, -0.34224, 0.590441, 0.682885, 0.430171, 0.0667125, -1.16646, -0.109859)
bone_name = "thumb_02.l"
joint_constraints/bias = 0.3
joint_constraints/damping = 1.0
joint_constraints/impulse_clamp = 0.0

[node name="CollisionShape3D" type="CollisionShape3D" parent="body/root/Skeleton3D/PhysicalBoneSimulator3D/Physical Bone thumb_02_l"]
transform = Transform3D(1, 0, 0, 0, 0, 1, 0, -1, 0, 0, 0, 0)
shape = SubResource("CapsuleShape3D_bfxl4")

[node name="Physical Bone ring_01_l" type="PhysicalBone3D" parent="body/root/Skeleton3D/PhysicalBoneSimulator3D"]
transform = Transform3D(0.332662, 0.0221832, -0.942785, 0.609287, 0.757999, 0.232822, 0.719795, -0.651878, 0.238642, 0.702822, 1.16123, -0.284665)
joint_type = 1
joint_offset = Transform3D(1, 0, 0, 0, 1, 0, 0, 0, 1, 0.809598, -0.118944, 0.954069)
body_offset = Transform3D(-0.331969, 0.638247, 0.694577, 0.93842, 0.148726, 0.311846, 0.0957308, 0.755328, -0.648318, -0.317997, -1.03958, 0.630878)
bone_name = "ring_01.l"
joint_constraints/bias = 0.3
joint_constraints/damping = 1.0
joint_constraints/impulse_clamp = 0.0

[node name="CollisionShape3D" type="CollisionShape3D" parent="body/root/Skeleton3D/PhysicalBoneSimulator3D/Physical Bone ring_01_l"]
transform = Transform3D(1, 0, 0, 0, 0, 1, 0, -1, 0, 0, 0, 0)
shape = SubResource("CapsuleShape3D_alnpa")

[node name="Physical Bone ring_02_l" type="PhysicalBone3D" parent="body/root/Skeleton3D/PhysicalBoneSimulator3D"]
transform = Transform3D(0.281561, -0.00188848, -0.959541, 0.624001, 0.760027, 0.181607, 0.728934, -0.649888, 0.215173, 0.728378, 1.15578, -0.290693)
joint_type = 1
joint_offset = Transform3D(1, 0, 0, 0, 1, 0, 0, 0, 1, 0.880916, -0.0970739, 0.944301)
body_offset = Transform3D(-0.335868, 0.647749, 0.683823, 0.876208, -0.051532, 0.479172, 0.34562, 0.760108, -0.550256, -0.286983, -1.22935, 0.288931)
bone_name = "ring_02.l"
joint_constraints/bias = 0.3
joint_constraints/damping = 1.0
joint_constraints/impulse_clamp = 0.0

[node name="CollisionShape3D" type="CollisionShape3D" parent="body/root/Skeleton3D/PhysicalBoneSimulator3D/Physical Bone ring_02_l"]
transform = Transform3D(1, 0, 0, 0, 0, 1, 0, -1, 0, 0, 0, 0)
shape = SubResource("CapsuleShape3D_qgre6")

[node name="Physical Bone middle_01_l" type="PhysicalBone3D" parent="body/root/Skeleton3D/PhysicalBoneSimulator3D"]
transform = Transform3D(0.283976, 0.0139619, -0.95873, 0.621662, 0.758577, 0.195184, 0.729995, -0.651434, 0.206738, 0.714298, 1.1793, -0.266547)
joint_type = 1
joint_offset = Transform3D(1, 0, 0, 0, 1, 0, 0, 0, 1, 0.816602, -0.103004, 0.936788)
body_offset = Transform3D(-0.469801, 0.488235, 0.735468, 0.880414, 0.319999, 0.349959, -0.0644887, 0.811927, -0.580186, -0.255046, -1.01382, 0.679805)
bone_name = "middle_01.l"
joint_constraints/bias = 0.3
joint_constraints/damping = 1.0
joint_constraints/impulse_clamp = 0.0

[node name="CollisionShape3D" type="CollisionShape3D" parent="body/root/Skeleton3D/PhysicalBoneSimulator3D/Physical Bone middle_01_l"]
transform = Transform3D(1, 0, 0, 0, 0, 1, 0, -1, 0, 0, 0, 0)
shape = SubResource("CapsuleShape3D_00gr1")

[node name="Physical Bone middle_02_l" type="PhysicalBone3D" parent="body/root/Skeleton3D/PhysicalBoneSimulator3D"]
transform = Transform3D(0.292183, 0.0166518, -0.956218, 0.627632, 0.751073, 0.204859, 0.7216, -0.660009, 0.208999, 0.740647, 1.1738, -0.27227)
joint_type = 1
joint_offset = Transform3D(1, 0, 0, 0, 1, 0, 0, 0, 1, 0.832104, -0.108187, 0.98054)
body_offset = Transform3D(-0.459703, 0.49764, 0.735546, 0.882821, 0.166136, 0.439346, 0.0964332, 0.851324, -0.515702, -0.284874, -1.14742, 0.517526)
bone_name = "middle_02.l"
joint_constraints/bias = 0.3
joint_constraints/damping = 1.0
joint_constraints/impulse_clamp = 0.0

[node name="CollisionShape3D" type="CollisionShape3D" parent="body/root/Skeleton3D/PhysicalBoneSimulator3D/Physical Bone middle_02_l"]
transform = Transform3D(1, 0, 0, 0, 0, 1, 0, -1, 0, 0, 0, 0)
shape = SubResource("CapsuleShape3D_tlgco")

[node name="Physical Bone index_01_l" type="PhysicalBone3D" parent="body/root/Skeleton3D/PhysicalBoneSimulator3D"]
transform = Transform3D(0.264361, 0.0109917, -0.964361, 0.623022, 0.761337, 0.179467, 0.736177, -0.648262, 0.194419, 0.720856, 1.19664, -0.242823)
joint_type = 1
joint_offset = Transform3D(1, 0, 0, 0, 1, 0, 0, 0, 1, 0.789207, -0.0865989, 0.942568)
body_offset = Transform3D(-0.625014, 0.26248, 0.735161, 0.729235, 0.532345, 0.429909, -0.27852, 0.804805, -0.524135, -0.176944, -0.934635, 0.783538)
bone_name = "index_01.l"
joint_constraints/bias = 0.3
joint_constraints/damping = 1.0
joint_constraints/impulse_clamp = 0.0

[node name="CollisionShape3D" type="CollisionShape3D" parent="body/root/Skeleton3D/PhysicalBoneSimulator3D/Physical Bone index_01_l"]
transform = Transform3D(1, 0, 0, 0, 0, 1, 0, -1, 0, 0, 0, 0)
shape = SubResource("CapsuleShape3D_t0emh")

[node name="Physical Bone index_02_l" type="PhysicalBone3D" parent="body/root/Skeleton3D/PhysicalBoneSimulator3D"]
transform = Transform3D(0.276942, -0.0171472, -0.960734, 0.626022, 0.761743, 0.166862, 0.728971, -0.647652, 0.221693, 0.750414, 1.19133, -0.249209)
joint_type = 1
joint_offset = Transform3D(1, 0, 0, 0, 1, 0, 0, 0, 1, 0.798371, -0.0491655, 0.998636)
body_offset = Transform3D(-0.616045, 0.303923, 0.726718, 0.766147, 0.445563, 0.463129, -0.183045, 0.842083, -0.507339, -0.218951, -1.05226, 0.694187)
bone_name = "index_02.l"
joint_constraints/bias = 0.3
joint_constraints/damping = 1.0
joint_constraints/impulse_clamp = 0.0

[node name="CollisionShape3D" type="CollisionShape3D" parent="body/root/Skeleton3D/PhysicalBoneSimulator3D/Physical Bone index_02_l"]
transform = Transform3D(1, 0, 0, 0, 0, 1, 0, -1, 0, 0, 0, 0)
shape = SubResource("CapsuleShape3D_qpw24")

[node name="Light" parent="body" index="1"]
visible = false

[node name="NavigationAgent3D" type="NavigationAgent3D" parent="."]
debug_enabled = true

[node name="Node3D2" type="Node3D" parent="."]

[node name="Area3D" type="Area3D" parent="Node3D2"]

[node name="CollisionShape3D" type="CollisionShape3D" parent="Node3D2/Area3D"]
shape = SubResource("SphereShape3D_vgy1n")

[node name="Timer" type="Timer" parent="Node3D2"]
wait_time = 2.0

[node name="Timer3" type="Timer" parent="Node3D2"]
wait_time = 0.5

