[gd_scene load_steps=53 format=3 uid="uid://m2jiflpr5tfy"]

[ext_resource type="Script" path="res://Script/world.gd" id="1_bocej"]
[ext_resource type="Texture2D" uid="uid://cyrpn5cn0hmec" path="res://kloofendal_48d_partly_cloudy_puresky_2k.hdr" id="1_pt4y8"]
[ext_resource type="PackedScene" uid="uid://dog2gmvrg7l26" path="res://player.tscn" id="6_5ye48"]
[ext_resource type="PackedScene" uid="uid://clmqop7ljb4dw" path="res://body.blend" id="7_6km5u"]
[ext_resource type="Script" path="res://enemy.gd" id="7_whb47"]
[ext_resource type="Script" path="res://Script/save_timer.gd" id="8_lvums"]
[ext_resource type="Script" path="res://Script/fps.gd" id="10_gbsa2"]
[ext_resource type="Texture2D" uid="uid://pkeddk3pufsw" path="res://Textúra/texture_07.png" id="10_p47rv"]

[sub_resource type="PanoramaSkyMaterial" id="PanoramaSkyMaterial_2v2kr"]
panorama = ExtResource("1_pt4y8")

[sub_resource type="Sky" id="Sky_yv033"]
sky_material = SubResource("PanoramaSkyMaterial_2v2kr")

[sub_resource type="Environment" id="Environment_4db7m"]
background_mode = 2
sky = SubResource("Sky_yv033")
tonemap_mode = 2

[sub_resource type="BoxShape3D" id="BoxShape3D_misbk"]
size = Vector3(100, 1, 100)

[sub_resource type="NavigationMesh" id="NavigationMesh_np2no"]
vertices = PackedVector3Array(1.25, 1, -3.25, 2.25, 1, -3.5, 2.25, 1, -24.5, 1, 1, -2.5, -24.5, 1, -24.5, -24.5, 1, -2.5, 3.25, 1, -1, 2.75, 1, -0.75, 3, 1, 0.5, 3.75, 1, -3, 6.5, 1, 0.5, 24.5, 1, 2, 24.5, 1, -24.5, 6.75, 1, 2.25, 2.5, 1, 0.75, 1.5, 1, -1, 2.5, 1, 2.5, -24.5, 1, 2.5, 3.5, 4, 1.5, 3.5, 4, 3.75, 5.75, 4, 3.75, 5.75, 4, 1.5, 3.75, 1, 1.75, 3.75, 1, 3.5, 5.5, 1, 3.5, 5.5, 1, 1.75, 6.5, 1, 4.75, 4.25, 1, 4.75, 4, 1, 24.5, 24.5, 1, 24.5, 2.5, 1, 4.5, -24.5, 1, 24.5)
polygons = [PackedInt32Array(2, 1, 0), PackedInt32Array(0, 3, 2), PackedInt32Array(2, 3, 5), PackedInt32Array(2, 5, 4), PackedInt32Array(8, 7, 6), PackedInt32Array(6, 9, 8), PackedInt32Array(8, 9, 10), PackedInt32Array(1, 2, 9), PackedInt32Array(9, 2, 12), PackedInt32Array(9, 12, 11), PackedInt32Array(11, 13, 10), PackedInt32Array(9, 11, 10), PackedInt32Array(8, 14, 7), PackedInt32Array(7, 14, 15), PackedInt32Array(15, 16, 3), PackedInt32Array(3, 16, 5), PackedInt32Array(5, 16, 17), PackedInt32Array(16, 15, 14), PackedInt32Array(21, 20, 18), PackedInt32Array(18, 20, 19), PackedInt32Array(25, 24, 22), PackedInt32Array(22, 24, 23), PackedInt32Array(26, 13, 11), PackedInt32Array(28, 27, 26), PackedInt32Array(28, 26, 29), PackedInt32Array(29, 26, 11), PackedInt32Array(27, 28, 30), PackedInt32Array(30, 28, 31), PackedInt32Array(30, 31, 17), PackedInt32Array(17, 16, 30)]

[sub_resource type="BoxMesh" id="BoxMesh_lb5sy"]
size = Vector3(3, 3, 3)

[sub_resource type="BoxShape3D" id="BoxShape3D_41joi"]
size = Vector3(3, 3, 3)

[sub_resource type="StandardMaterial3D" id="StandardMaterial3D_884xa"]
albedo_texture = ExtResource("10_p47rv")
uv1_triplanar = true

[sub_resource type="BoxMesh" id="BoxMesh_urbxx"]
material = SubResource("StandardMaterial3D_884xa")
size = Vector3(50, 1, 50)

[sub_resource type="BoxShape3D" id="BoxShape3D_lkdtr"]
size = Vector3(50, 1, 50)

[sub_resource type="CapsuleShape3D" id="CapsuleShape3D_hfn7k"]
radius = 0.010529
height = 0.10529

[sub_resource type="CapsuleShape3D" id="CapsuleShape3D_nepy4"]
radius = 0.0389355
height = 0.389355

[sub_resource type="CapsuleShape3D" id="CapsuleShape3D_r10qj"]
radius = 0.0427942
height = 0.427942

[sub_resource type="CapsuleShape3D" id="CapsuleShape3D_agyna"]
radius = 0.0127669
height = 0.127669

[sub_resource type="CapsuleShape3D" id="CapsuleShape3D_2m8i0"]
radius = 0.0389355
height = 0.389355

[sub_resource type="CapsuleShape3D" id="CapsuleShape3D_fqtky"]
radius = 0.0427941
height = 0.427941

[sub_resource type="CapsuleShape3D" id="CapsuleShape3D_0cqug"]
radius = 0.0127669
height = 0.127669

[sub_resource type="CapsuleShape3D" id="CapsuleShape3D_ejcdh"]
radius = 0.0185117
height = 0.185117

[sub_resource type="CapsuleShape3D" id="CapsuleShape3D_j4uc1"]
radius = 0.0246004
height = 0.246004

[sub_resource type="CapsuleShape3D" id="CapsuleShape3D_lsiq4"]
radius = 0.00829918
height = 0.0829918

[sub_resource type="CapsuleShape3D" id="CapsuleShape3D_iugd4"]
radius = 0.0135449
height = 0.135449

[sub_resource type="CapsuleShape3D" id="CapsuleShape3D_n6rog"]
radius = 0.0261983
height = 0.261983

[sub_resource type="CapsuleShape3D" id="CapsuleShape3D_12mgw"]
radius = 0.0207321
height = 0.207321

[sub_resource type="CapsuleShape3D" id="CapsuleShape3D_x20sp"]
radius = 0.00703245
height = 0.0703245

[sub_resource type="CapsuleShape3D" id="CapsuleShape3D_b8uto"]
radius = 0.00210912
height = 0.0210912

[sub_resource type="CapsuleShape3D" id="CapsuleShape3D_6xorx"]
radius = 0.00270387
height = 0.0270387

[sub_resource type="CapsuleShape3D" id="CapsuleShape3D_24afi"]
radius = 0.00220773
height = 0.0220773

[sub_resource type="CapsuleShape3D" id="CapsuleShape3D_xxq31"]
radius = 0.00315885
height = 0.0315885

[sub_resource type="CapsuleShape3D" id="CapsuleShape3D_8hb5t"]
radius = 0.00279774
height = 0.0279774

[sub_resource type="CapsuleShape3D" id="CapsuleShape3D_ydsfj"]
radius = 0.0027053
height = 0.027053

[sub_resource type="CapsuleShape3D" id="CapsuleShape3D_f8of7"]
radius = 0.00306825
height = 0.0306825

[sub_resource type="CapsuleShape3D" id="CapsuleShape3D_dw30g"]
radius = 0.00307387
height = 0.0307387

[sub_resource type="CapsuleShape3D" id="CapsuleShape3D_nveve"]
radius = 0.0135449
height = 0.135449

[sub_resource type="CapsuleShape3D" id="CapsuleShape3D_h4slo"]
radius = 0.0261983
height = 0.261983

[sub_resource type="CapsuleShape3D" id="CapsuleShape3D_gak1h"]
radius = 0.0207321
height = 0.207321

[sub_resource type="CapsuleShape3D" id="CapsuleShape3D_kto1g"]
radius = 0.00703244
height = 0.0703244

[sub_resource type="CapsuleShape3D" id="CapsuleShape3D_pb0xm"]
radius = 0.00210912
height = 0.0210912

[sub_resource type="CapsuleShape3D" id="CapsuleShape3D_lqnyx"]
radius = 0.00270386
height = 0.0270386

[sub_resource type="CapsuleShape3D" id="CapsuleShape3D_58kv8"]
radius = 0.00220774
height = 0.0220774

[sub_resource type="CapsuleShape3D" id="CapsuleShape3D_355io"]
radius = 0.00315887
height = 0.0315887

[sub_resource type="CapsuleShape3D" id="CapsuleShape3D_01wtq"]
radius = 0.00279775
height = 0.0279775

[sub_resource type="CapsuleShape3D" id="CapsuleShape3D_460l3"]
radius = 0.00270529
height = 0.0270529

[sub_resource type="CapsuleShape3D" id="CapsuleShape3D_j3bdv"]
radius = 0.00306828
height = 0.0306828

[sub_resource type="CapsuleShape3D" id="CapsuleShape3D_2hkfo"]
radius = 0.00307385
height = 0.0307385

[node name="Main3D" type="Node3D"]
transform = Transform3D(1, 0, 0, 0, 1, 0, 0, 0, 1, 0, 0.600733, 0)
script = ExtResource("1_bocej")

[node name="WorldEnvironment" type="WorldEnvironment" parent="."]
environment = SubResource("Environment_4db7m")

[node name="DirectionalLight3D" type="DirectionalLight3D" parent="."]
transform = Transform3D(-0.599861, -0.641692, -0.47791, 0.193367, -0.695873, 0.691643, -0.776386, 0.322478, 0.541509, -43.2195, 34.3769, 38.9887)
light_color = Color(0.945098, 1, 0.913725, 1)
shadow_enabled = true
shadow_bias = 0.0
shadow_normal_bias = 1.092
shadow_reverse_cull_face = true
shadow_transmittance_bias = 16.0
shadow_opacity = 0.65
shadow_blur = 10.0
sky_mode = 1

[node name="Area3D" type="Area3D" parent="."]
transform = Transform3D(1, 0, 0, 0, 1, 0, 0, 0, 1, 0, -49.2366, 0)

[node name="CollisionShape3D" type="CollisionShape3D" parent="Area3D"]
shape = SubResource("BoxShape3D_misbk")

[node name="Timer" type="Timer" parent="."]
wait_time = 10.0
autostart = true
script = ExtResource("8_lvums")

[node name="Label" type="Label" parent="."]
offset_right = 40.0
offset_bottom = 23.0
text = "asdasdasd"
script = ExtResource("10_gbsa2")

[node name="CharacterBody3D" parent="." instance=ExtResource("6_5ye48")]
transform = Transform3D(1, 0, 0, 0, 1, 0, 0, 0, 1, 0, 0.200788, 0)

[node name="NavigationRegion3D" type="NavigationRegion3D" parent="."]
navigation_mesh = SubResource("NavigationMesh_np2no")

[node name="MeshInstance3D2" type="MeshInstance3D" parent="NavigationRegion3D"]
transform = Transform3D(1, 0, 0, 0, 1, 0, 0, 0, 1, 4.61879, 2.10516, 2.52278)
mesh = SubResource("BoxMesh_lb5sy")
skeleton = NodePath("../..")

[node name="StaticBody3D" type="StaticBody3D" parent="NavigationRegion3D/MeshInstance3D2"]

[node name="CollisionShape3D" type="CollisionShape3D" parent="NavigationRegion3D/MeshInstance3D2/StaticBody3D"]
shape = SubResource("BoxShape3D_41joi")

[node name="MeshInstance3D" type="MeshInstance3D" parent="NavigationRegion3D"]
mesh = SubResource("BoxMesh_urbxx")
skeleton = NodePath("")

[node name="StaticBody3D" type="StaticBody3D" parent="NavigationRegion3D/MeshInstance3D"]

[node name="CollisionShape3D" type="CollisionShape3D" parent="NavigationRegion3D/MeshInstance3D/StaticBody3D"]
shape = SubResource("BoxShape3D_lkdtr")

[node name="CharacterBody3D2" type="CharacterBody3D" parent="NavigationRegion3D"]
transform = Transform3D(1, 0, 0, 0, 0.769087, -0.639144, 0, 0.639144, 0.769087, 0, 0.0093928, -1.95469)
script = ExtResource("7_whb47")

[node name="body" parent="NavigationRegion3D/CharacterBody3D2" instance=ExtResource("7_6km5u")]
transform = Transform3D(1, 0, 0, 0, 0.607154, 0.794584, 0, -0.794584, 0.607154, 2.31296, 0.5, -0.686301)

[node name="Skeleton3D" parent="NavigationRegion3D/CharacterBody3D2/body/root" index="0"]
bones/0/rest = Transform3D(0.794927, -0.0251346, -0.606184, 0.0231123, 0.999671, -0.0111414, 0.606264, -0.00515369, 0.795247, 0.0033103, 0.851599, 0.318638)
bones/0/position = Vector3(-0.0289994, 0.88645, 0.125859)
bones/0/rotation = Quaternion(0.0287016, 0.0572028, -0.0145715, 0.997844)
bones/1/rest = Transform3D(0.205483, 0.643429, 0.737373, 0.977759, -0.102675, -0.182866, -0.0419545, 0.758503, -0.650258, 0.101935, -0.0260149, 0.00481081)
bones/1/position = Vector3(0.101935, -0.0260148, 0.00481071)
bones/1/rotation = Quaternion(0.721954, -0.0483824, 0.688375, -0.0508211)
bones/1/scale = Vector3(0.999997, 1.17672, 0.999995)
bones/2/rest = Transform3D(-0.0629614, -0.997924, -3.19491e-05, 0.998078, -0.0629517, -1.37029e-06, -6.43904e-07, -3.1969e-05, 1, -3.79514e-08, 0.389355, 1.49012e-08)
bones/2/rotation = Quaternion(-0.000314692, 0.000300161, 0.00231558, 0.999997)
bones/2/scale = Vector3(1, 1.00001, 1)
bones/3/rest = Transform3D(0.079641, 0.897105, 0.434662, 0.153811, 0.419737, -0.894598, -0.984836, 0.138101, -0.104568, 1.0943e-08, 0.427942, 1.67638e-08)
bones/3/rotation = Quaternion(0.331098, 0.36863, -0.215069, 0.841565)
bones/3/scale = Vector3(0.998617, 0.930362, 0.956819)
bones/4/rest = Transform3D(-0.995994, 0.0850713, 0.0275305, 0.0843833, 0.792531, 0.603981, 0.0295628, 0.603938, -0.796466, -2.62355e-05, 0.127669, -2.86008e-05)
bones/4/position = Vector3(0.0122681, 0.126054, -0.013427)
bones/4/rotation = Quaternion(0.197513, 0.87695, 0.423269, -0.113099)
bones/4/scale = Vector3(0.996761, 0.929139, 1.07011)
bones/5/rest = Transform3D(-0.309357, -0.385531, -0.870738, 0.639811, -0.767617, 0.106794, -0.703522, -0.528574, 0.480009, -0.1019, -0.0260434, 0.00487683)
bones/5/position = Vector3(-0.1019, -0.0260434, 0.00487673)
bones/5/rotation = Quaternion(-0.843453, 0.0279895, 0.534756, 0.0428915)
bones/5/scale = Vector3(0.999996, 1.05934, 1)
bones/6/rest = Transform3D(0.988909, 0.148518, -1.79196e-05, -0.148519, 0.9889, 3.85194e-05, 2.34417e-05, -3.54304e-05, 1, 1.56462e-07, 0.389355, -5.96046e-08)
bones/6/rotation = Quaternion(-8.89517e-05, -0.000112413, -0.00250967, 0.999997)
bones/6/scale = Vector3(1, 1, 1)
bones/7/rest = Transform3D(0.0504725, -0.301689, -0.950321, -0.086068, 0.94135, -0.306792, 0.994767, 0.0967534, 0.0216735, -2.23517e-08, 0.427941, 1.49012e-08)
bones/7/rotation = Quaternion(0.125363, -0.675103, 0.00533282, 0.726974)
bones/7/scale = Vector3(0.996089, 0.955633, 1.00032)
bones/8/rest = Transform3D(-0.99196, -0.12106, -0.0333395, -0.113473, 0.745982, 0.655663, -0.0544964, 0.650273, -0.758372, -0.00385843, 0.127433, 0.000389908)
bones/8/position = Vector3(-0.00585266, 0.127134, 0.00333475)
bones/8/rotation = Quaternion(-0.0624957, 0.93894, 0.338348, 0.00248166)
bones/8/scale = Vector3(0.998243, 0.990155, 1.01129)
bones/9/rest = Transform3D(0.74594, 0.158226, 0.646945, 0.0137446, 0.967506, -0.252475, -0.665871, 0.197223, 0.719527, -5.12227e-09, 0.120388, -2.02563e-08)
bones/9/rotation = Quaternion(0.116865, -0.139785, 0.0456892, 0.982199)
bones/9/scale = Vector3(1, 1, 1)
bones/10/rest = Transform3D(0.983812, 0.0271503, 0.177134, 0.00745048, 0.981405, -0.191806, -0.179048, 0.19002, 0.965316, -1.67638e-08, 0.185117, 3.46918e-08)
bones/10/rotation = Quaternion(-0.00304858, 0.0412766, -0.0163252, 0.99901)
bones/11/rest = Transform3D(0.99991, -2.21189e-07, 0.0134519, 0.00560885, 0.908934, -0.416902, -0.0122268, 0.41694, 0.908852, 3.49246e-08, 0.246004, -1.77999e-07)
bones/11/rotation = Quaternion(0.312236, 0.00636909, 0.00208919, 0.949981)
bones/12/rest = Transform3D(0.972797, 0.00800117, -0.231519, 0.120959, 0.834802, 0.537097, 0.19757, -0.550491, 0.811126, -2.45636e-08, 0.0829918, 1.67405e-07)
bones/12/rotation = Quaternion(-0.701136, -0.0677155, -0.0286401, 0.709227)
bones/12/scale = Vector3(1, 1, 1)
bones/13/rest = Transform3D(-0.357897, -0.926835, -0.113519, -0.253163, 0.213332, -0.943609, 0.898787, -0.308976, -0.310991, -0.0436023, 0.180817, 0.0252559)
bones/13/rotation = Quaternion(-0.295192, 0.728411, -0.433153, -0.4412)
bones/13/scale = Vector3(1, 1, 1)
bones/14/rest = Transform3D(0.0631338, 0.996588, -0.0531613, 0.794531, -0.0179565, 0.606958, 0.603932, -0.0805579, -0.792954, 4.09782e-08, 0.135449, 4.17349e-07)
bones/14/rotation = Quaternion(0.605956, 0.516995, -0.135742, -0.589158)
bones/15/rest = Transform3D(0.606293, -0.460125, 0.648499, 0.742951, 0.037007, -0.668321, 0.283609, 0.886701, 0.36441, 4.84288e-07, 0.261983, 2.24914e-07)
bones/15/rotation = Quaternion(0.0272054, 0.00972278, 0.0160636, 0.999454)
bones/15/scale = Vector3(1, 0.999979, 0.999999)
bones/16/rest = Transform3D(0.821156, -0.11004, 0.560007, 0.125807, 0.992331, 0.0103886, -0.556674, 0.0619425, 0.828421, -1.98372e-07, 0.207321, -1.80677e-07)
bones/16/rotation = Quaternion(0.10824, 0.282984, 0.0137395, 0.952898)
bones/16/scale = Vector3(0.999999, 1.00002, 0.999999)
bones/17/rest = Transform3D(0.397767, -0.188985, -0.897806, 0.321371, 0.945275, -0.0565849, 0.859347, -0.26603, 0.436729, -0.0491152, 0.0501111, -0.00466602)
bones/17/position = Vector3(-0.0491322, 0.0501188, -0.00467725)
bones/17/rotation = Quaternion(0.0907611, -0.747185, 0.41688, 0.509597)
bones/17/scale = Vector3(1, 0.999999, 0.999999)
bones/18/rest = Transform3D(0.804143, -0.104107, -0.585257, 0.133837, 0.990972, 0.00760883, 0.579197, -0.084447, 0.810798, 1.03643e-06, 0.0210913, 4.13529e-07)
bones/18/position = Vector3(-1.00421e-06, 0.0210913, 2.99689e-07)
bones/18/rotation = Quaternion(-0.156358, -0.310599, 0.10403, 0.931804)
bones/18/scale = Vector3(0.999999, 0.999998, 1)
bones/19/rest = Transform3D(0.614982, -0.0233898, 0.788199, 0.0072344, 0.999685, 0.0240216, -0.788492, -0.00907069, 0.614974, 2.40281e-07, 0.0270387, 5.58794e-08)
bones/19/rotation = Quaternion(-0.1465, 0.433002, 0.0313895, 0.888854)
bones/19/scale = Vector3(1, 1, 1)
bones/20/rest = Transform3D(0.999157, -0.0336792, -0.0233421, 0.0406404, 0.887332, 0.459345, 0.00524179, -0.459911, 0.887949, 0.0246069, 0.0860677, -0.00150947)
bones/20/position = Vector3(0.0245923, 0.0860771, -0.00152486)
bones/20/rotation = Quaternion(-0.0974502, 0.118568, -0.055963, 0.986566)
bones/20/scale = Vector3(1, 0.999999, 1)
bones/21/rest = Transform3D(0.998891, 0.0135948, -0.0449766, 0.0402101, 0.247857, 0.967965, 0.0243068, -0.968701, 0.247038, -3.63216e-08, 0.0220773, -2.42144e-08)
bones/21/rotation = Quaternion(-0.153484, -0.00391614, 0.0232408, 0.98787)
bones/21/scale = Vector3(0.999999, 0.999999, 1)
bones/22/rest = Transform3D(0.99974, 0.0216841, 0.00672367, -0.0117969, 0.243149, 0.969917, 0.0193969, -0.969749, 0.243341, 4.28408e-08, 0.0315885, -3.35276e-08)
bones/22/rotation = Quaternion(-0.15544, -0.000565211, 0.000851865, 0.987845)
bones/22/scale = Vector3(1, 0.999999, 1)
bones/23/rest = Transform3D(0.99856, -0.0534728, -0.00314285, 0.0535175, 0.998432, 0.0167107, 0.00224433, -0.016855, 0.999855, -0.0025573, 0.0868906, 0.000343285)
bones/23/position = Vector3(-0.00257227, 0.0869001, 0.000329393)
bones/23/rotation = Quaternion(-0.0247207, 0.0566867, -0.0157911, 0.997961)
bones/23/scale = Vector3(1, 1, 1)
bones/24/rest = Transform3D(0.999096, 0.0401529, 0.0140054, -0.0193815, 0.136798, 0.990407, 0.0378519, -0.989785, 0.137452, 4.47035e-08, 0.0279774, 4.65661e-09)
bones/24/rotation = Quaternion(-0.0816594, 0.00372816, -0.00609584, 0.996635)
bones/24/scale = Vector3(0.999999, 0.999999, 1)
bones/25/rest = Transform3D(0.998524, 0.0543028, -0.000794599, -0.00748174, 0.152037, 0.988346, 0.0537908, -0.986882, 0.152219, 1.22935e-07, 0.027053, -3.13856e-07)
bones/25/rotation = Quaternion(-0.0741291, -0.0041616, -0.0047816, 0.997229)
bones/25/scale = Vector3(1, 1, 1)
bones/26/rest = Transform3D(0.998369, -0.0563785, 0.00842351, 0.0549185, 0.91169, -0.407197, 0.0152774, 0.406998, 0.913304, -0.0321975, 0.0834478, -0.00192707)
bones/26/position = Vector3(-0.0322121, 0.0834547, -0.00193991)
bones/26/rotation = Quaternion(0.0690863, -0.0615669, 0.18637, 0.978112)
bones/26/scale = Vector3(0.999999, 1, 0.999998)
bones/27/rest = Transform3D(0.994598, 0.0836493, 0.0614623, -0.0881522, 0.36802, 0.92563, 0.0548089, -0.926047, 0.373406, -1.22935e-07, 0.0306825, -3.06405e-07)
bones/27/rotation = Quaternion(-0.0527077, 0.00344314, -0.0118586, 0.998534)
bones/27/scale = Vector3(1, 1, 1)
bones/28/rest = Transform3D(0.998408, 0.0359998, 0.0434856, -0.0530588, 0.335294, 0.940614, 0.0192816, -0.941427, 0.336668, 4.09782e-08, 0.0307387, -3.27826e-07)
bones/28/rotation = Quaternion(-0.0724428, -0.00091064, 0.0190271, 0.997191)
bones/28/scale = Vector3(0.999999, 0.999999, 0.999999)
bones/29/rest = Transform3D(-0.259618, 0.965711, 0.000573277, 0.174509, 0.047498, -0.983509, -0.949813, -0.255237, -0.180856, 0.0436024, 0.180816, 0.0252559)
bones/29/rotation = Quaternion(0.379125, 0.670055, -0.532224, 0.352176)
bones/29/scale = Vector3(1, 1, 1)
bones/30/rest = Transform3D(-0.0396608, 0.581606, -0.812503, -0.879511, 0.365594, 0.304631, 0.474222, 0.726688, 0.49703, 7.45058e-08, 0.135449, 4.2608e-07)
bones/30/rotation = Quaternion(-0.627543, 0.513442, -0.419966, 0.40767)
bones/30/scale = Vector3(1, 1, 1)
bones/31/rest = Transform3D(0.911106, 0.344932, -0.225603, -0.412011, 0.77748, -0.475097, 0.0115258, 0.525791, 0.850521, -2.57045e-07, 0.261983, 4.84288e-08)
bones/31/rotation = Quaternion(0.0272052, -0.00972655, -0.0163046, 0.99945)
bones/31/scale = Vector3(1, 0.999996, 1)
bones/32/rest = Transform3D(0.785369, 0.25828, -0.562578, -0.0693972, 0.93985, 0.334573, 0.615124, -0.22373, 0.756026, 3.65078e-07, 0.207321, -2.23517e-08)
bones/32/rotation = Quaternion(0.148277, -0.361895, 0.0270184, 0.919954)
bones/32/scale = Vector3(1, 1, 0.999999)
bones/33/rest = Transform3D(0.397458, 0.18898, 0.897949, -0.32099, 0.94538, -0.0568768, -0.859636, -0.265631, 0.43641, 0.0491437, 0.0500872, -0.00465741)
bones/33/rotation = Quaternion(0.0910039, 0.747271, -0.416773, 0.509514)
bones/33/scale = Vector3(1, 0.999999, 0.999999)
bones/34/rest = Transform3D(0.80389, 0.103664, 0.585674, -0.133386, 0.991034, 0.00767075, -0.579628, -0.0842871, 0.81051, 6.70552e-08, 0.0210912, -7.45058e-09)
bones/34/rotation = Quaternion(-0.156301, 0.310745, -0.10381, 0.931789)
bones/34/scale = Vector3(1, 1, 1)
bones/35/rest = Transform3D(0.615277, 0.0232682, -0.787968, -0.00686334, 0.999684, 0.0241611, 0.788275, -0.00945767, 0.615248, -3.72529e-09, 0.0270386, -2.23517e-07)
bones/35/rotation = Quaternion(-0.14659, -0.432832, -0.0311793, 0.88893)
bones/35/scale = Vector3(1, 0.999999, 1)
bones/36/rest = Transform3D(0.999186, 0.0326187, 0.023703, -0.0398652, 0.887333, 0.459418, -0.00604681, -0.460001, 0.88789, -0.0246018, 0.0860439, -0.00150787)
bones/36/position = Vector3(-0.0246045, 0.0860427, -0.00150674)
bones/36/rotation = Quaternion(-0.067986, -0.129273, 0.112578, 0.982849)
bones/36/scale = Vector3(1, 0.999999, 1)
bones/37/rest = Transform3D(0.99889, -0.0142026, 0.0449024, -0.0399884, 0.247857, 0.967971, -0.0248771, -0.968692, 0.247015, 1.49012e-08, 0.0220774, 1.00583e-07)
bones/37/rotation = Quaternion(-0.153481, 0.00407563, -0.0230117, 0.987875)
bones/38/rest = Transform3D(0.999736, -0.0219346, -0.00688844, 0.0120183, 0.243176, 0.969908, -0.0195994, -0.969734, 0.243375, -8.9407e-08, 0.0315887, -1.28523e-07)
bones/38/rotation = Quaternion(-0.155435, 0.000730092, -0.000619815, 0.987846)
bones/38/scale = Vector3(1, 1, 1)
bones/39/rest = Transform3D(0.998604, 0.0526713, 0.00393384, -0.0527299, 0.99847, 0.016705, -0.00304795, -0.0168891, 0.999852, 0.00256305, 0.0868699, 0.000346636)
bones/39/position = Vector3(0.00256067, 0.0868695, 0.000347649)
bones/39/rotation = Quaternion(-0.0240679, -0.0606294, 0.0189941, 0.997689)
bones/39/scale = Vector3(1, 1, 1)
bones/40/rest = Transform3D(0.999077, -0.0404681, -0.0143754, 0.019791, 0.136782, 0.990403, -0.0381134, -0.989774, 0.137457, 4.47035e-08, 0.0279775, -1.00583e-07)
bones/40/rotation = Quaternion(-0.0816654, -0.003547, 0.00631067, 0.996634)
bones/40/scale = Vector3(1, 1, 1)
bones/41/rest = Transform3D(0.998496, -0.0548138, 0.000398945, 0.00795125, 0.152035, 0.988343, -0.0542355, -0.986854, 0.152242, 1.04308e-07, 0.0270529, -7.72998e-08)
bones/41/rotation = Quaternion(-0.0741208, 0.00435378, 0.00499902, 0.997227)
bones/41/scale = Vector3(1, 1, 1)
bones/42/rest = Transform3D(0.998401, 0.0560283, -0.00735285, -0.0541617, 0.911669, -0.407325, -0.0161183, 0.407064, 0.913265, 0.0322074, 0.083429, -0.00192149)
bones/42/position = Vector3(0.0322051, 0.0834294, -0.00192042)
bones/42/rotation = Quaternion(0.0533926, 0.0138639, -0.0982306, 0.993634)
bones/42/scale = Vector3(1, 1, 0.999999)
bones/43/rest = Transform3D(0.994541, -0.0841232, -0.0617411, 0.0885871, 0.367981, 0.925604, -0.0551452, -0.92602, 0.373425, -7.45058e-08, 0.0306828, -1.08033e-07)
bones/43/rotation = Quaternion(-0.0527127, -0.00326383, 0.0120747, 0.998531)
bones/43/scale = Vector3(1, 1, 1)
bones/44/rest = Transform3D(0.998381, -0.0365452, -0.0435835, 0.0533354, 0.33534, 0.940586, -0.0197586, -0.941388, 0.336747, 1.49012e-08, 0.0307385, -4.65661e-09)
bones/44/rotation = Quaternion(-0.0724312, 0.0011044, -0.0188139, 0.997195)

[node name="PhysicalBoneSimulator3D" type="PhysicalBoneSimulator3D" parent="NavigationRegion3D/CharacterBody3D2/body/root/Skeleton3D" index="1"]

[node name="Physical Bone pelvis" type="PhysicalBone3D" parent="NavigationRegion3D/CharacterBody3D2/body/root/Skeleton3D/PhysicalBoneSimulator3D"]
transform = Transform3D(0.0662337, 0.27792, -0.958318, -0.0576604, 0.959888, 0.27439, 0.996137, 0.0370831, 0.0796019, 0.0214503, 0.872004, 0.121668)
joint_offset = Transform3D(1, 0, 0, 0, 1, 0, 0, 0, 1, 1.27824e-07, 1.27492e-06, 0.0526443)
body_offset = Transform3D(-0.0472915, 0.246957, -0.967872, 1.19209e-07, 0.968956, 0.247234, 0.998881, 0.0116919, -0.0458234, 0.0509527, -0.0130167, 0.0024122)
bone_name = "pelvis"

[node name="CollisionShape3D" type="CollisionShape3D" parent="NavigationRegion3D/CharacterBody3D2/body/root/Skeleton3D/PhysicalBoneSimulator3D/Physical Bone pelvis"]
transform = Transform3D(1, 0, 0, 0, 0, 1, 0, -1, 0, 0, 0, 0)
shape = SubResource("CapsuleShape3D_hfn7k")

[node name="Physical Bone thigh_l" type="PhysicalBone3D" parent="NavigationRegion3D/CharacterBody3D2/body/root/Skeleton3D/PhysicalBoneSimulator3D"]
transform = Transform3D(0.154822, 0.986785, 0.0478017, -0.199066, -0.0162334, 0.979852, 0.967679, -0.161218, 0.193922, 0.0609784, 0.63311, 0.0730368)
joint_type = 1
joint_offset = Transform3D(1, 0, 0, 0, 1, 0, 0, 0, 1, 5.87084e-07, -4.54753e-07, 0.229081)
body_offset = Transform3D(1, -1.49012e-07, 3.91155e-08, 9.31323e-09, -6.1933e-08, -0.84982, 1.78814e-07, 1.00001, -9.63919e-08, -5.96046e-07, 0.194678, 4.76837e-07)
bone_name = "thigh.l"
joint_constraints/bias = 0.3
joint_constraints/damping = 1.0
joint_constraints/impulse_clamp = 0.0

[node name="CollisionShape3D" type="CollisionShape3D" parent="NavigationRegion3D/CharacterBody3D2/body/root/Skeleton3D/PhysicalBoneSimulator3D/Physical Bone thigh_l"]
transform = Transform3D(1, 0, 0, 0, 0, 1, 0, -1, 0, 0, 0, 0)
shape = SubResource("CapsuleShape3D_nepy4")

[node name="Physical Bone calf_l" type="PhysicalBone3D" parent="NavigationRegion3D/CharacterBody3D2/body/root/Skeleton3D/PhysicalBoneSimulator3D"]
transform = Transform3D(0.153965, 0.986842, 0.0493739, -0.204392, -0.0170798, 0.97874, 0.966705, -0.160783, 0.199073, 0.0377054, 0.162134, -0.0211499)
joint_type = 1
joint_offset = Transform3D(1, 0, 0, 0, 1, 0, 0, 0, 1, -0.00038077, -5.14355e-05, 0.251786)
body_offset = Transform3D(0.999999, -1.14739e-06, 0.0015137, -1.15484e-07, -9.54606e-09, -0.849815, 0, 1, 0.000206178, -3.57628e-07, 0.213971, -4.76837e-07)
bone_name = "calf.l"
joint_constraints/bias = 0.3
joint_constraints/damping = 1.0
joint_constraints/impulse_clamp = 0.0

[node name="CollisionShape3D" type="CollisionShape3D" parent="NavigationRegion3D/CharacterBody3D2/body/root/Skeleton3D/PhysicalBoneSimulator3D/Physical Bone calf_l"]
transform = Transform3D(1, 0, 0, 0, 0, 1, 0, -1, 0, 0, 0, 0)
shape = SubResource("CapsuleShape3D_r10qj")

[node name="Physical Bone foot_l" type="PhysicalBone3D" parent="NavigationRegion3D/CharacterBody3D2/body/root/Skeleton3D/PhysicalBoneSimulator3D"]
transform = Transform3D(-0.64651, 0.583257, -0.491768, 0.0188575, 0.65662, 0.753986, 0.762672, 0.478186, -0.43551, 0.0519402, -0.139229, -0.04943)
joint_type = 1
joint_offset = Transform3D(1, 0, 0, 0, 1, 0, 0, 0, 1, 0.00181848, 0.010255, 0.0637732)
body_offset = Transform3D(0.998833, -0.0288701, -0.0238354, -2.98023e-08, 5.66244e-07, -1.00096, -2.38419e-07, 0.95617, -0.153747, -2.38419e-07, 0.0638345, -5.96046e-07)
bone_name = "foot.l"
joint_constraints/bias = 0.3
joint_constraints/damping = 1.0
joint_constraints/impulse_clamp = 0.0

[node name="CollisionShape3D" type="CollisionShape3D" parent="NavigationRegion3D/CharacterBody3D2/body/root/Skeleton3D/PhysicalBoneSimulator3D/Physical Bone foot_l"]
transform = Transform3D(1, 0, 0, 0, 0, 1, 0, -1, 0, 0, 0, 0)
shape = SubResource("CapsuleShape3D_agyna")

[node name="Physical Bone thigh_r" type="PhysicalBone3D" parent="NavigationRegion3D/CharacterBody3D2/body/root/Skeleton3D/PhysicalBoneSimulator3D"]
transform = Transform3D(0.320991, -0.938195, 0.129441, 0.0409741, 0.150302, 0.987791, -0.946195, -0.311769, 0.0866873, -0.157174, 0.65909, 0.123089)
joint_type = 1
joint_offset = Transform3D(1, 0, 0, 0, 1, 0, 0, 0, 1, 5.22931e-07, 3.23056e-07, 0.206229)
body_offset = Transform3D(1, 2.68221e-07, -2.23517e-07, -2.38419e-07, 1.67638e-07, -0.943984, -2.08616e-07, 1, 1.67638e-07, -4.76837e-07, 0.194677, -3.57628e-07)
bone_name = "thigh.r"
joint_constraints/bias = 0.3
joint_constraints/damping = 1.0
joint_constraints/impulse_clamp = 0.0

[node name="CollisionShape3D" type="CollisionShape3D" parent="NavigationRegion3D/CharacterBody3D2/body/root/Skeleton3D/PhysicalBoneSimulator3D/Physical Bone thigh_r"]
transform = Transform3D(1, 0, 0, 0, 0, 1, 0, -1, 0, 0, 0, 0)
shape = SubResource("CapsuleShape3D_2m8i0")

[node name="Physical Bone calf_r" type="PhysicalBone3D" parent="NavigationRegion3D/CharacterBody3D2/body/root/Skeleton3D/PhysicalBoneSimulator3D"]
transform = Transform3D(0.321463, -0.938291, 0.127556, 0.0462593, 0.150106, 0.987587, -0.945792, -0.311573, 0.0916583, -0.212827, 0.23152, 0.0845567)
joint_type = 1
joint_offset = Transform3D(1, 0, 0, 0, 1, 0, 0, 0, 1, 0.000130743, -4.5402e-06, 0.226667)
body_offset = Transform3D(1, 1.78814e-07, -0.00057891, 1.63913e-07, -2.6077e-08, -0.943985, 5.96046e-08, 1, 2.05562e-05, 4.76837e-07, 0.21397, -1.19209e-07)
bone_name = "calf.r"
joint_constraints/bias = 0.3
joint_constraints/damping = 1.0
joint_constraints/impulse_clamp = 0.0

[node name="CollisionShape3D" type="CollisionShape3D" parent="NavigationRegion3D/CharacterBody3D2/body/root/Skeleton3D/PhysicalBoneSimulator3D/Physical Bone calf_r"]
transform = Transform3D(1, 0, 0, 0, 0, 1, 0, -1, 0, 0, 0, 0)
shape = SubResource("CapsuleShape3D_fqtky")

[node name="Physical Bone foot_r" type="PhysicalBone3D" parent="NavigationRegion3D/CharacterBody3D2/body/root/Skeleton3D/PhysicalBoneSimulator3D"]
transform = Transform3D(-0.870576, -0.33911, 0.356513, 0.320095, 0.159949, 0.933786, -0.37368, 0.92705, -0.0307002, -0.263275, -0.0530488, 0.0650868)
joint_type = 1
joint_offset = Transform3D(1, 0, 0, 0, 1, 0, 0, 0, 1, 0.00116795, 0.00132694, 0.0643859)
body_offset = Transform3D(1.00232, -0.00364441, -0.0180959, 7.45058e-08, -2.98023e-07, -0.991439, 8.9407e-08, 0.997617, -0.0205564, -7.15256e-07, 0.0638347, -2.38419e-07)
bone_name = "foot.r"
joint_constraints/bias = 0.3
joint_constraints/damping = 1.0
joint_constraints/impulse_clamp = 0.0

[node name="CollisionShape3D" type="CollisionShape3D" parent="NavigationRegion3D/CharacterBody3D2/body/root/Skeleton3D/PhysicalBoneSimulator3D/Physical Bone foot_r"]
transform = Transform3D(1, 0, 0, 0, 0, 1, 0, -1, 0, 0, 0, 0)
shape = SubResource("CapsuleShape3D_0cqug")

[node name="Physical Bone spine_01" type="PhysicalBone3D" parent="NavigationRegion3D/CharacterBody3D2/body/root/Skeleton3D/PhysicalBoneSimulator3D"]
transform = Transform3D(0.984253, -0.16412, 0.0656582, 0.0154652, -0.290066, -0.956882, 0.176089, 0.942829, -0.28296, -0.0311801, 1.09516, 0.158742)
joint_type = 1
joint_offset = Transform3D(1, 0, 0, 0, 1, 0, 0, 0, 1, 2.32643e-07, 2.88861e-06, 0.0925598)
body_offset = Transform3D(1, 1.04308e-07, 6.23986e-08, 9.03383e-08, -2.6077e-07, -1, -8.9407e-08, 1, -2.98023e-07, -2.38419e-07, 0.0925598, -2.86102e-06)
bone_name = "spine_01"
joint_constraints/bias = 0.3
joint_constraints/damping = 1.0
joint_constraints/impulse_clamp = 0.0

[node name="CollisionShape3D" type="CollisionShape3D" parent="NavigationRegion3D/CharacterBody3D2/body/root/Skeleton3D/PhysicalBoneSimulator3D/Physical Bone spine_01"]
transform = Transform3D(1, 0, 0, 0, 0, 1, 0, -1, 0, 0, 0, 0)
shape = SubResource("CapsuleShape3D_ejcdh")

[node name="Physical Bone spine_02" type="PhysicalBone3D" parent="NavigationRegion3D/CharacterBody3D2/body/root/Skeleton3D/PhysicalBoneSimulator3D"]
transform = Transform3D(0.996051, -0.0825985, 0.0325441, 0.00784478, -0.283255, -0.959013, 0.0884312, 0.955481, -0.281488, -0.0412619, 1.30168, 0.219558)
joint_type = 1
joint_offset = Transform3D(1, 0, 0, 0, 1, 0, 0, 0, 1, 1.20979e-06, 3.87027e-07, 0.123002)
body_offset = Transform3D(1, 6.70552e-08, -1.43889e-07, -1.43424e-07, 8.00937e-07, -1, -5.96046e-08, 1, 7.30157e-07, -1.19209e-06, 0.123002, -4.76837e-07)
bone_name = "spine_02"
joint_constraints/bias = 0.3
joint_constraints/damping = 1.0
joint_constraints/impulse_clamp = 0.0

[node name="CollisionShape3D" type="CollisionShape3D" parent="NavigationRegion3D/CharacterBody3D2/body/root/Skeleton3D/PhysicalBoneSimulator3D/Physical Bone spine_02"]
transform = Transform3D(1, 0, 0, 0, 0, 1, 0, -1, 0, 0, 0, 0)
shape = SubResource("CapsuleShape3D_j4uc1")

[node name="Physical Bone neck_01" type="PhysicalBone3D" parent="NavigationRegion3D/CharacterBody3D2/body/root/Skeleton3D/PhysicalBoneSimulator3D"]
transform = Transform3D(0.996595, -0.033828, 0.0751935, 0.0185235, -0.796795, -0.603967, 0.0803448, 0.603303, -0.793455, -0.048384, 1.44471, 0.287107)
joint_type = 1
joint_offset = Transform3D(1, 0, 0, 0, 1, 0, 0, 0, 1, 2.2667e-07, 9.15134e-08, 0.0414957)
body_offset = Transform3D(1, 2.6077e-08, 2.83122e-07, 2.90573e-07, -2.14577e-06, -1, -1.49012e-08, 1, -2.20537e-06, -2.38419e-07, 0.0414957, 0)
bone_name = "neck_01"
joint_constraints/bias = 0.3
joint_constraints/damping = 1.0
joint_constraints/impulse_clamp = 0.0

[node name="CollisionShape3D" type="CollisionShape3D" parent="NavigationRegion3D/CharacterBody3D2/body/root/Skeleton3D/PhysicalBoneSimulator3D/Physical Bone neck_01"]
transform = Transform3D(1, 0, 0, 0, 0, 1, 0, -1, 0, 0, 0, 0)
shape = SubResource("CapsuleShape3D_lsiq4")

[node name="Physical Bone clavicle_r" type="PhysicalBone3D" parent="NavigationRegion3D/CharacterBody3D2/body/root/Skeleton3D/PhysicalBoneSimulator3D"]
transform = Transform3D(-0.507341, -0.337032, 0.793104, -0.30379, -0.791312, -0.530602, 0.806422, -0.510133, 0.299078, -0.142371, 1.38557, 0.235852)
joint_type = 1
joint_offset = Transform3D(1, 0, 0, 0, 1, 0, 0, 0, 1, 7.21311e-07, -1.68331e-06, 0.0677245)
body_offset = Transform3D(1, -1.19209e-07, -8.9407e-08, -1.49012e-07, -3.18885e-06, -1, 5.96046e-08, 1, -3.30806e-06, -7.15256e-07, 0.0677245, 1.90735e-06)
bone_name = "clavicle.r"
joint_constraints/bias = 0.3
joint_constraints/damping = 1.0
joint_constraints/impulse_clamp = 0.0

[node name="CollisionShape3D" type="CollisionShape3D" parent="NavigationRegion3D/CharacterBody3D2/body/root/Skeleton3D/PhysicalBoneSimulator3D/Physical Bone clavicle_r"]
transform = Transform3D(1, 0, 0, 0, 0, 1, 0, -1, 0, 0, 0, 0)
shape = SubResource("CapsuleShape3D_iugd4")

[node name="Physical Bone upperarm_r" type="PhysicalBone3D" parent="NavigationRegion3D/CharacterBody3D2/body/root/Skeleton3D/PhysicalBoneSimulator3D"]
transform = Transform3D(-0.991083, 0.0282005, 0.130228, -0.064756, 0.752231, -0.65571, -0.116453, -0.658296, -0.743697, -0.213143, 1.50739, 0.313015)
joint_type = 1
joint_offset = Transform3D(1, 0, 0, 0, 1, 0, 0, 0, 1, -2.23091e-07, 3.20398e-07, 0.130989)
body_offset = Transform3D(1, 1.49012e-08, -1.93715e-06, -1.8999e-06, -8.34465e-07, -1, -1.49012e-08, 1, -6.25849e-07, 4.76837e-07, 0.130989, -2.38419e-07)
bone_name = "upperarm.r"
joint_constraints/bias = 0.3
joint_constraints/damping = 1.0
joint_constraints/impulse_clamp = 0.0

[node name="CollisionShape3D" type="CollisionShape3D" parent="NavigationRegion3D/CharacterBody3D2/body/root/Skeleton3D/PhysicalBoneSimulator3D/Physical Bone upperarm_r"]
transform = Transform3D(1, 0, 0, 0, 0, 1, 0, -1, 0, 0, 0, 0)
shape = SubResource("CapsuleShape3D_n6rog")

[node name="Physical Bone lowerarm_r" type="PhysicalBone3D" parent="NavigationRegion3D/CharacterBody3D2/body/root/Skeleton3D/PhysicalBoneSimulator3D"]
transform = Transform3D(-0.995158, 0.0150666, 0.097124, -0.057269, 0.714208, -0.697587, -0.079877, -0.699772, -0.709887, -0.240267, 1.6656, 0.48402)
joint_type = 1
joint_offset = Transform3D(1, 0, 0, 0, 1, 0, 0, 0, 1, 1.81274e-06, -1.01945e-07, 0.103658)
body_offset = Transform3D(1, -2.98023e-08, 9.12696e-07, 9.49949e-07, 7.7486e-07, -1.00002, 4.09782e-08, 1, 9.83477e-07, -1.90735e-06, 0.10366, 0)
bone_name = "lowerarm.r"
joint_constraints/bias = 0.3
joint_constraints/damping = 1.0
joint_constraints/impulse_clamp = 0.0

[node name="CollisionShape3D" type="CollisionShape3D" parent="NavigationRegion3D/CharacterBody3D2/body/root/Skeleton3D/PhysicalBoneSimulator3D/Physical Bone lowerarm_r"]
transform = Transform3D(1, 0, 0, 0, 0, 1, 0, -1, 0, 0, 0, 0)
shape = SubResource("CapsuleShape3D_12mgw")

[node name="Physical Bone hand_r" type="PhysicalBone3D" parent="NavigationRegion3D/CharacterBody3D2/body/root/Skeleton3D/PhysicalBoneSimulator3D"]
transform = Transform3D(0.425434, -0.727023, -0.538927, -0.44663, 0.349261, -0.823734, 0.787101, 0.591146, -0.176123, -0.231387, 1.76687, 0.563798)
joint_type = 1
joint_offset = Transform3D(1, 0, 0, 0, 1, 0, 0, 0, 1, 5.24102e-07, 3.34359e-07, 0.0351622)
body_offset = Transform3D(0.0943448, 0.709055, 0.698815, 8.9407e-08, 0.701948, -0.712228, -0.995542, 0.0671884, 0.0662296, -0.0245721, 0.0250432, -0.00232828)
bone_name = "hand.r"
joint_constraints/bias = 0.3
joint_constraints/damping = 1.0
joint_constraints/impulse_clamp = 0.0

[node name="CollisionShape3D" type="CollisionShape3D" parent="NavigationRegion3D/CharacterBody3D2/body/root/Skeleton3D/PhysicalBoneSimulator3D/Physical Bone hand_r"]
transform = Transform3D(1, 0, 0, 0, 0, 1, 0, -1, 0, 0, 0, 0)
shape = SubResource("CapsuleShape3D_x20sp")

[node name="Physical Bone thumb_01_r" type="PhysicalBone3D" parent="NavigationRegion3D/CharacterBody3D2/body/root/Skeleton3D/PhysicalBoneSimulator3D"]
transform = Transform3D(-0.0665315, 0.742429, -0.666613, 0.758621, -0.396332, -0.517122, -0.648127, -0.540112, -0.536853, -0.205412, 1.80131, 0.575689)
joint_type = 1
joint_offset = Transform3D(1, 0, 0, 0, 1, 0, 0, 0, 1, 2.62714e-07, -9.59004e-08, 0.0105445)
body_offset = Transform3D(1, 6.88434e-06, -2.49147e-05, -3.06666e-05, 1.99676e-06, -1, 0, 1, 3.44217e-06, 0, 0.0105445, 5.96046e-08)
bone_name = "thumb_01.r"
joint_constraints/bias = 0.3
joint_constraints/damping = 1.0
joint_constraints/impulse_clamp = 0.0

[node name="CollisionShape3D" type="CollisionShape3D" parent="NavigationRegion3D/CharacterBody3D2/body/root/Skeleton3D/PhysicalBoneSimulator3D/Physical Bone thumb_01_r"]
transform = Transform3D(1, 0, 0, 0, 0, 1, 0, -1, 0, 0, 0, 0)
shape = SubResource("CapsuleShape3D_b8uto")

[node name="Physical Bone thumb_02_r" type="PhysicalBone3D" parent="NavigationRegion3D/CharacterBody3D2/body/root/Skeleton3D/PhysicalBoneSimulator3D"]
transform = Transform3D(0.547334, 0.754708, -0.36172, 0.529795, -0.64703, -0.548334, -0.647875, 0.108484, -0.753982, -0.19349, 1.81417, 0.591543)
joint_type = 1
joint_offset = Transform3D(1, 0, 0, 0, 1, 0, 0, 0, 1, -9.19021e-07, -1.35921e-06, 0.0135175)
body_offset = Transform3D(1, 3.23355e-06, -2.563e-06, -8.76188e-06, -1.84774e-06, -1.00001, 7.45058e-08, 0.999999, -5.27501e-06, 9.53674e-07, 0.0135176, 1.43051e-06)
bone_name = "thumb_02.r"
joint_constraints/bias = 0.3
joint_constraints/damping = 1.0
joint_constraints/impulse_clamp = 0.0

[node name="CollisionShape3D" type="CollisionShape3D" parent="NavigationRegion3D/CharacterBody3D2/body/root/Skeleton3D/PhysicalBoneSimulator3D/Physical Bone thumb_02_r"]
transform = Transform3D(1, 0, 0, 0, 0, 1, 0, -1, 0, 0, 0, 0)
shape = SubResource("CapsuleShape3D_6xorx")

[node name="Physical Bone ring_01_r" type="PhysicalBone3D" parent="NavigationRegion3D/CharacterBody3D2/body/root/Skeleton3D/PhysicalBoneSimulator3D"]
transform = Transform3D(-0.692466, -0.715399, 0.0932474, -0.560724, 0.452355, -0.693515, 0.453959, -0.532522, -0.714382, -0.282431, 1.80744, 0.622265)
joint_type = 1
joint_offset = Transform3D(1, 0, 0, 0, 1, 0, 0, 0, 1, 1.00072e-06, 1.42359e-07, 0.0110384)
body_offset = Transform3D(1, -8.9407e-08, -4.26173e-06, 1.37091e-06, 1.49012e-06, -1, 8.9407e-08, 1, 8.70228e-06, -9.53674e-07, 0.0110384, -2.38419e-07)
bone_name = "ring_01.r"
joint_constraints/bias = 0.3
joint_constraints/damping = 1.0
joint_constraints/impulse_clamp = 0.0

[node name="CollisionShape3D" type="CollisionShape3D" parent="NavigationRegion3D/CharacterBody3D2/body/root/Skeleton3D/PhysicalBoneSimulator3D/Physical Bone ring_01_r"]
transform = Transform3D(1, 0, 0, 0, 0, 1, 0, -1, 0, 0, 0, 0)
shape = SubResource("CapsuleShape3D_24afi")

[node name="Physical Bone ring_02_r" type="PhysicalBone3D" parent="NavigationRegion3D/CharacterBody3D2/body/root/Skeleton3D/PhysicalBoneSimulator3D"]
transform = Transform3D(-0.696523, -0.699633, -0.159279, -0.527152, 0.649545, -0.547907, 0.486793, -0.297666, -0.821236, -0.280944, 1.82374, 0.643121)
joint_type = 1
joint_offset = Transform3D(1, 0, 0, 0, 1, 0, 0, 0, 1, 1.30269e-06, 1.33732e-06, 0.0157929)
body_offset = Transform3D(1, 1.10269e-06, -7.00355e-06, -1.40071e-06, 1.16229e-06, -1.00001, 3.27826e-07, 0.999999, 5.90086e-06, -1.19209e-06, 0.015793, -1.43051e-06)
bone_name = "ring_02.r"
joint_constraints/bias = 0.3
joint_constraints/damping = 1.0
joint_constraints/impulse_clamp = 0.0

[node name="CollisionShape3D" type="CollisionShape3D" parent="NavigationRegion3D/CharacterBody3D2/body/root/Skeleton3D/PhysicalBoneSimulator3D/Physical Bone ring_02_r"]
transform = Transform3D(1, 0, 0, 0, 0, 1, 0, -1, 0, 0, 0, 0)
shape = SubResource("CapsuleShape3D_xxq31")

[node name="Physical Bone middle_01_r" type="PhysicalBone3D" parent="NavigationRegion3D/CharacterBody3D2/body/root/Skeleton3D/PhysicalBoneSimulator3D"]
transform = Transform3D(-0.784642, -0.607266, 0.124762, -0.442586, 0.407781, -0.798644, 0.434114, -0.681868, -0.588729, -0.26105, 1.82246, 0.611599)
joint_type = 1
